0.872665
0.16994
-0.186731
-0.0724394
0.123995
-0.0582669
0.141289
0.872665
0.059116
0.872665
0.842083
0.684353
-0.00623332
0.872665
-0.00777622
0.620561
0.0839596
0.872665
0.204566
0.872665
0.177128
0.872665
0.197718
0.872665
0.191986
0.872665
0.205118
0.872665
0.669043
0.82734
0.162066
0.872665
0.169725
0.872665
-0.158372
0.872665
0.137133
0.872665
-0.149198
0.872665
-0.0685665
0.872665
0.153235
0.872665
0.324133
0.872665
0.145065
0.872665
-0.0292982
0.872665
0.159573
0.872665
0.281169
0.872665
0.1666
0.872665
-0.194925
0.872665
0.134805
0.872665
0.692314
0.872665
-0.215887
0.872665
0.0771989
0.872665
0.133809
0.872665
0.118376
0.872665
-0.190116
0.872665
0.356999
0.872665
0.359767
-0.133466
0.872665
0.347527
0.872665
0.361533
0.872665
0.171776
0.872665
0.374835
0.872665
0.455725
0.872665
0.289357
0.872665
0.178105
0.872665
0.0221788
0.872665
0.171177
0.872665
0.016782
0.872665
0.185005
0.872665
0.329516
0.872665
0.310705
0.872665
0.21554
0.872665
0.112745
0.872665
0.429929
0.872665
0.497154
0.308789
0.115485
0.872665
0.167166
0.872665
0.152393
0.872665
-0.05441
0.872665
-0.152079
0.872665
0.753445
0.872665
0.0209439
0.872665
0.0226246
0.872665
0.177765
0.872665
0.167053
0.872665
-0.393884
0.872665
0.134931
0.872665
-0.190325
0.872665
0.238908
0.872665
-0.0116355
0.872665
0.0697725
0.872665
-0.0194646
0.872665
-0.0284231
0.872665
-0.0235065
0.872665
-0.072722
0.872665
0.011188
0.872665
-0.00931971
0.872665
0.0331011
0.872665
0.200713
0.872665
0.21587
0.872665
-0.353011
0.872665
0.181026
-0.374341
0.872665
0.0166222
0.872665
0.0061346
0.872665
0.177348
0.872665
-0.0218166
0.872665
-0.349066
0.872665
0.305433
0.872665
0.365273
0.872665
0.380232
0.706594
0.0238
0.872665
-0.0623332
-0.238528
0.872665
-0.38263
0.39252
0.872665
0
0.872665
-6.17641e+12
0.314361
-0.208911
0.71558
0.0216356
0.0198333
-0.177571
-0.0245918
0.143122
0.0135741
-0.18397
0.0193465
0.131134
-0.0493487
0.125348
0.383519
0.182277
0.353153
0.35452
0.513442
0.732419
0.570553
0.418132
0.530312
-0.195311
0.1309
0.547074
0.872665
0.320201
-0.233168
-0.063269
0.0489786
0.225815
-0.103037
0.234086
0.7607
0.216303
0.645917
0.239844
0.647719
0.186145
-0.816019
0.332621
-0.170739
0.592347
0.788698
0.273679
-0.345768
0.0720346
0.0477455
-0.180638
0.177892
-0.0703255
0.583862
0.140025
0.0600052
0.284035
0.562148
0.872665
0.338256
0.872665
0.346128
0.0923183
0.694165
0.182185
0.691474
-0.206394
0.0105924
0.125055
0.818872
0.196237
0.57695
-0.297765
0.656795
-0.208937
0.663827
-0.234488
-0.0373999
-0.494716
0.518465
-0.175104
-0.225242
0.692998
-0.194518
0.410725
-0.176771
-0.446599
-0.474642
-0.672791
-0.16284
0.528732
-0.314501
-0.0109083
-0.416175
0.00212017
0.132763
0.542991
-0.0216249
0.220795
-0.0507628
-0.0872665
-0.354884
-0.543822
-0.110055
0.0698132
0.715585
-0.244525
0.695487
-0.167053
-0.28907
-0.145444
0.757674
-0.0451378
-0.211933
0.702139
-0.193925
-0.0432087
0.52531
-0.252613
0.507458
0.615304
-0.178327
-0.0780805
-0.186059
-0.577621
-0.258297
-0.479966
0.171042
-0.179065
0.674637
0.19635
-0.325266
-0.136328
-0.131597
0.00412397
-0.285517
0.838494
-0.330197
0.545415
0.353221
-0.333889
0.164837
-0.332447
0.680678
0.136136
0.620233
0.0660114
0.184778
-0.345272
0.102781
-0.272855
0.159976
-0.257811
0.087398
-0.254347
0.0359179
-0.253583
-0.0181755
-0.261103
-0.00482571
-0.274748
-0.328999
-0.136411
0.179126
-0.345834
0.098902
-0.310669
0.0482998
-0.210583
-0.335287
0.153899
-0.124666
-0.303355
-0.0435301
-0.285599
0.171042
-0.275225
0.0268512
-0.316341
-0.319977
-0.0558009
-0.240984
0.0751063
-0.227817
0.0345343
-0.371864
0.138519
-0.347169
0.0654498
-0.360147
0.113958
-0.348397
0.00436059
-0.226157
-0.0039461
-0.259395
0.0136408
-0.247822
0.0492578
-0.212924
0.0613537
-0.254473
0.00645755
-0.233764
-0.0145444
-0.266811
0.108506
-0.250218
0.0749774
-0.015033
-0.126764
-0.00460475
-0.215257
-0.00353883
-0.198161
-0.16994
0.134256
-0.333199
0.0268785
-0.169585
-0.311423
-0.0545415
-0.0747622
-0.205583
0.0120519
0.315847
-0.27128
-0.350675
-0.325399
0.140969
-0.320641
-0.367604
0.0863734
-0.189248
-0.190815
0
0.127543
-0.179293
-0.135748
0.196545
0.461997
0.766172
0.220775
-0.319977
-0.201067
-0.872665
-0.327249
-0.0523599
-0.0150842
-0.302374
-0.285873
0.100692
-0.261397
-0.0523783
0.547727
-0.0480456
-0.872665
-0.17612
0.372031
0.3337
-0.33937
0.684398
0.545333
0.178124
0.29892
-0.71469
0.549815
0.779751
0.720623
0.507669
0.319071
-0.0415653
-0.189579
-0.0351101
-0.265167
-0.560661
-0.788607
-0.222133
-0.669043
-0.356048
0.864384
-0.403607
-0.379628
-0.174533
-0.13925
-0.519946
-0.150176
0.19389
-0.392699
-0.350229
-0.532325
-0.387245
0.870306
-0.412351
0.872665
-0.408841
0.872665
-0.399281
0.871112
-0.41594
0.872665
-0.400094
-0.262597
0.168568
0.872665
0.244374
0.737048
0.872665
0.378003
0.748698
-0.361167
-0.303127
0.872665
-0.500925
0.860561
-0.441089
0.222169
-0.299535
-0.872665
-0.373742
-0.394127
-0.00623332
-0.332703
-0.212859
0.247435
-0.361149
-0.235802
0.0185111
-0.379727
0.85004
-0.344215
0.836731
-0.305433
0.204773
0.872665
-0.0166222
0.100641
-0.0211981
0.127713
-0.0240331
0.10326
-0.0138739
0.105484
-0.0256307
-0.278151
-0.00202945
-0.343365
-0.192272
-0.37311
-0.50762
-0.867721
-0.747055
-0.459364
0.00581777
-0.504081
0.861999
-0.35358
0.509524
-0.487955
0.850848
-0.490035
0.842514
-0.378407
0.872665
-0.386544
0.867531
-0.365112
-0.352099
-0.827179
-0.872665
-0.36361
-0.872665
-0.486378
-0.692933
-0.462268
-0.500104
-0.371691
0
-0.523599
-0.0667332
-0.516743
-0.872665
0.328001
0.870814
-0.00727221
-0.217247
0.366519
-0.00513332
-0.471239
-0.152716
0.852526
-0.158666
-0.713998
-0.823991
-0.178024
-0.526243
-0.32373
-0.4648
0.177542
-0.00171398
-0.404443
0.469508
0
0.18354
-0.0191878
0.356757
0.144432
0.0201889
0.161366
0.000466398
0.14448
0.0179692
0.148795
0.00650507
-0.334157
0.486602
0.178515
0.369538
-1.75652e+19
0.861049
0.366519
0.171615
-0.0286999
-0.140616
-0.383143
0.336373
0.169301
-0.693844
-0.260765
0.355228
0.852526
0.528124
0.308489
0.310064
0.475048
0.0158613
0.145833
0.554142
0.201092
0.376554
0.658472
0.305987
-0.0286962
0.277567
0.123576
0.251181
-0.506145
0.173442
-0.0383121
0.159917
0.423564
-0.374732
-0.528192
0.584222
0.163836
0.491448
-0.37395
0.40108
0.514571
0.173614
0.517213
0.33402
-0.247508
-0.0104826
-0.371115
0.173964
-0.0734146
0.356489
-0.218166
0.752673
-0.872665
-0.0500834
0.154694
0.872665
0.513465
0.00523995
0.361396
0.0365956
0.159164
0.26727
0.354994
0.225874
0.0218166
-0.187846
-0.492538
-0.156119
0.175189
0.384619
0.49451
0.371982
0.209727
0.0207777
0.122888
0.0527393
0.309664
0.0117224
0.373631
0.507587
-0.168209
-0.513277
-0.0872665
0.164159
0.383785
-0.872665
-0.761543
0.872665
0.0828593
-0.261799
0.0331011
0.872665
0.719826
0.540855
0.386721
0.536931
0.376588
0.137937
-0.00156155
0.172223
0.872665
0.405979
0.75448
0.553805
0.74579
-0.378155
0.344124
0.262343
0.431969
0.359538
0.684706
0.328078
-0.18326
-0.0186387
0.276407
0.754128
0.512134
0.211933
-0.00399258
0.724312
0.035553
0.872665
-0.0413367
0.436332
0.838976
-0.00198293
0.767945
0
0.109182
0.386804
0.872665
0.529228
0.872665
0.658465
-0.523599
0.869099
0.669043
0.859239
-0.673697
-0.33937
0.695317
0.872665
-0.36361
0.857265
0.519571
0.852526
0.52069
0.00581777
0.245933
-0.122509
-0.00178095
0.184684
0.804968
0.154
-0.523599
0.872665
0.50195
0.584685
0.872665
0.482035
-0.354884
0.872665
0.342288
-0.0167962
-0.404674
-0.202919
-0.398956
0.213308
0.840251
0.645978
-0.872665
-0.458765
-0.872665
-0.441305
-0.872665
-0.358274
-0.602932
0.633708
-0.817131
0.712951
-0.676591
0.541052
-0.522694
0.706495
-0.476988
-0.343099
0.696338
0.153865
0.872665
0.557746
-0.357318
0.366519
-0.518465
0.0265594
0.482874
0.358138
-0.447241
-0.307851
0.0174533
-0.544966
0.515154
-0.300584
-0.146552
-0.248469
0.383972
0.521569
-0.417751
0.404599
0.35127
-0.348903
0.0487687
0.283518
0.49451
0.362288
0.15708
0.368594
-0.0346185
-0.213317
0.307729
-0.185005
0.321088
0.34802
-0.00793331
-0.174533
0.536211
-0.152716
-0.26187
0.114118
0.479966
0.378155
0.186424
-0.0990389
0.381658
-0.070126
-0.355779
0.21655
-0.675507
0.00280857
-0.341794
0.310669
0.636717
-0.00623332
-0.497932
0.506146
-0.0708768
0.1666
-0.499164
0.18802
-0.330041
-0.111608
0.193925
0.872665
0.00777622
0.368859
0.174533
0.0679283
-0.0564194
0.114224
0.0290888
0.461266
-0.261799
-0.341674
-0.516673
-0.177542
0.343612
0.211933
-0.436332
0.00349066
0.3197
0.400514
-0.222948
0.481641
0.446545
0.00727221
0.200215
0.361107
-0.0162897
-0.398932
-0.00443729
0.0796707
0.160707
0.0859135
0.513585
0.65228
0.86256
-0.0261799
-0.319977
0.33564
0.496516
-0.199868
-0.00955105
0.323738
0.465511
0.098483
0.251568
0.389959
0.155562
0.0356186
0.494281
-0.229722
0.198644
0.513299
0.340339
0.17017
-0.0940804
-0.229557
0.337683
-0.698132
-0.00379419
-0.517213
-0.210466
-0.488692
-0.140385
0.0218166
0.29382
0.483503
0.162066
-0.31765
0.436016
0.185827
0.496837
0.378994
0.145444
-0.314489
0.187623
-0.529417
0.0124666
0.350847
0.511132
-0.335287
-0.0436332
-0.381897
-0.56304
-0.221457
0.0436332
0.376488
-0.375917
-0.173414
-0.227374
-0.44403
-0.545177
-0.183033
-0.302694
0.176661
0.331953
-0.174533
-0.530312
-0.694895
-0.00334782
0.353071
0.531532
-0.376917
-0.174533
0.702725
0.357792
-0.147827
-0.529417
-0.872665
0.00281505
0.189352
0.492938
0.33937
0.508014
0.00107705
0.399022
-0.650783
0.140212
0.346713
0.343612
-0.175762
0.327885
0.6889
0.407308
0.77911
0.383029
-0.191117
-0.500327
0.46634
0.0124666
-0.203622
0.0139457
0.349066
0.539162
0.379373
0.54404
0.689821
0.540567
-0.315323
-0.177026
-0.106945
0.223951
0.494798
-0.378281
0.203622
0.464046
-0.195311
-0.446335
0.367934
-0.557747
0.00769998
-0.184229
-0.383883
0.511132
-0.632682
-0.145444
0.323613
-0.248712
0.353221
0.574075
-0.574121
-0.0114824
0.0609987
0.393214
0.554277
-0.343621
0.538712
0.0187
0.172066
-0.261799
0.475117
-0.163625
0.505088
-0.680678
0.130053
0.519963
0.133809
-0.0165931
-0.510377
0.353582
-0.511132
0.351881
-0.427546
-0.507732
0.257644
-0.366519
0.504628
0.353221
-0.0185978
-0.363221
0.154217
0.08324
0.401823
-0.174513
-0.49451
0.00171284
0.691898
0
0.149538
-0.00726994
0.11066
-0.483473
-0.00281505
0.338158
9.13532e+07
-0.586337
-0.16028
-0.612752
0.349066
-0.594999
-0.215257
-0.41312
-0.528587
-0.419119
-0.536795
-0.256912
-0.596978
0.305476
-0.378155
0.872665
-0.51604
-0.202895
0.872665
-0.245084
0.872665
-0.540586
-0.309102
-0.546914
0.872665
-0.549206
0.872665
-0.539234
-0.370882
0.872665
-0.53864
-0.417992
0.872665
-0.510467
0.872665
-0.654101
-0.417851
-0.366519
-0.565015
0.554564
0.252792
-0.635151
-0.386466
-0.553905
-0.635527
-0.38231
-0.680678
-0.571595
0.872665
-0.658465
0.872665
-0.573489
0.872665
-0.673911
0.872665
-0.545415
0.872665
-0.489952
0.872665
-0.508801
0.872665
-0.541315
0.872665
-0.541052
-0.682732
-0.560815
-0.678976
-0.274095
-0.538762
-0.294138
-0.534117
-0.525357
-0.356338
-0.499684
-0.458149
-0.656795
-0.378155
-0.565453
-0.380799
-0.519327
-0.335282
-0.530506
-0.427606
-0.502628
-0.374006
0.323117
-0.527694
0.330555
-0.46828
-0.392699
-0.654498
-0.513615
-0.662877
-0.483409
-0.213318
-0.64904
-0.570249
-0.650532
-0.161107
-0.671523
-0.38263
0.506145
-0.314159
-0.530565
-0.37468
-0.549134
-0.681971
-0.399589
-0.575445
-0.24867
-0.609298
-0.633637
-0.359974
-0.67976
-0.531261
-0.672465
-0.657407
-0.42834
-0.361533
-0.497889
-0.669043
-0.564505
-0.31132
-0.181408
-0.203622
-0.562425
-0.370882
-0.557775
-0.56865
-0.489923
-0.679161
-0.483932
-0.530312
-0.353659
-0.483823
-0.426066
-0.572765
-0.664568
-0.476382
-0.409481
-0.349066
-0.528188
-0.666232
-0.383972
0.49451
-0.554856
0.22005
0.01218
-0.53688
-0.340324
-0.494021
0.00224756
0.0143167
-0.546635
-0.121298
-0.389078
-0.527469
-0.119026
-0.567744
-0.0764358
-0.670262
-0.336174
-0.562123
0.515665
-0.633128
-0.331613
-0.528241
-0.277927
0.155833
-0.34781
-0.521313
0.239069
-0.676315
0.872665
-0.337918
-0.159646
0.872665
-0.841628
0.872665
-0.770662
-0.66463
-0.70904
0.346421
-0.0414873
-0.203622
-0.00518638
0.261502
-0.141566
0.564323
-0.163625
-0.170891
0.115417
0.51601
-0.561307
-0.00802977
-0.703586
-0.170378
-0.0158666
-0.538143
-0.103133
-0.585835
-0.159095
0.381217
-0.532325
0.357873
0.0261799
0.533295
0.00106705
0.177026
0.382441
0.18136
-0.00288148
-0.779489
0.0410316
-0.730427
0.081144
0.360701
-0.808167
-0.0060373
0.378823
0.143232
0.329509
0.0124666
0.497932
0.0227513
-0.520367
-0.818643
-0.0480957
-0.770159
0.0254285
-0.773832
0.589921
-0.051904
0.158023
0.527089
0.414271
0.0167106
-0.496467
-0.869756
-0.346573
-0.665112
0
-0.767026
-0.0116355
-0.11197
-0.36458
-0.0130398
-0.244484
0
-0.184229
-0.340339
-0.00206141
-0.1904
0.0174533
0.177026
-0.511132
-0.278419
0.531532
-0.430039
0.527089
0.00513432
0.0650151
0.51269
0
-0.206266
0.391356
0.199466
0.314255
-0.00281504
0.477928
-0.10928
-0.683587
0.542284
0.315502
-0.300453
0.564665
-0.133948
-0.0156478
-0.180923
0.158372
-0.27457
0.318266
0.139626
0.261799
-0.250014
0.181246
0.36879
-0.202552
0.344629
-0.342879
0.146701
-0.344416
0.353826
-0.350237
0.318592
0.660732
0.493416
0.320873
-0.2734
0.267818
-0.426898
-0.256169
0.172686
-0.51601
0.072722
-0.0495069
0.178688
0.346707
-0.44137
0.108422
-0.361533
-0.221875
-0.0769998
0.349066
0.0342832
0.3181
0.112088
-0.1122
-0.343248
0.263064
0.0744958
-0.35553
0.365907
-0.458149
0.349253
-0.380799
0.0119777
-0.441413
0.664568
0.363861
-0.119
0.721284
-0.205949
0.279469
-0.0650265
0.349066
0.144638
-0.331613
0.681277
0.362405
0.142008
0.500328
0.379401
0.0469896
0.338807
0.404729
0.146366
0.686346
0.53992
0.380073
0.475117
0.372781
0.507732
0.390403
0.872665
0.402206
0.249169
-0.0717883
0.698999
-0.0278537
0.190791
0.359538
0.49134
0.770065
0.0618467
0.436332
0.177348
0.776303
0.045329
0.229074
0.123934
-0.0797298
0.76035
0.0369972
-0.152716
0.543737
0.661439
0.0117359
0.349066
0.4882
0.669938
-0.1404
-0.311651
-0.281406
-0.016693
0.608205
0.293979
0.0472371
-0.169591
0.30733
-0.173102
0.338594
-0.0349066
0.50982
-0.0290888
0.582125
-0.368037
-0.16738
-0.0349066
-0.280457
0.193504
0.595126
0.00579134
0.604127
-0.517781
-0.164464
-0.201467
-0.62541
0.273435
-0.436697
0.314159
0.152716
0.354884
0.529417
0.468281
0
-0.140514
0.515665
-0.186781
0.167657
-0.270624
0.188599
3.37179e+33
0
-0.57814
-0.20814
-0.0368083
0.872665
-0.180351
0.872665
-0.182466
-0.690543
-0.338158
-0.513272
-0.00415554
-0.325266
-0.529832
-0.629237
-0.0244346
-0.499799
-0.303136
0.00131687
0.52179
-0.610865
0.544754
-0.0909966
0.532325
-0.00683124
0.498057
-0.344174
0.524513
0.369728
0.458097
0.0211335
0.530312
0.000618913
-0.171941
0.504899
0.39931
-0.200926
0.505284
-0.0304418
0.461716
0.0091422
0.448456
-0.16192
0.482262
-0.13407
0.491758
-0.0151714
0.529832
0.33828
-0.306679
-0.00339999
0.516919
0.335204
0
0.443181
0.843965
0.210209
-0.160754
0.490035
0.662794
0.064073
0.635806
0.699175
0.571034
0.673198
0.78234
0.578374
0.331665
0.855211
0.366417
0.841034
-4.91644e-05
0.291974
0.846998
0.681391
-0.226154
0.831568
-0.125193
-0.545415
-0.578844
-0.0360228
-0.375609
0.531532
0.36926
0.178688
-0.526608
-0.347214
0.0556326
0.19635
0.194198
-0.374732
0.265325
0.0207777
0.23405
0.758043
0.19635
-0.0407243
0.189933
-0.0373999
0.340621
-0.447765
-0.210782
0
0.21019
-0.193504
-0.0518121
0.254866
-0.125208
-0.446604
0.0231981
-0.330366
-0.00928367
0.20944
-0.458495
-0.307729
0.00264444
-0.330095
-0.12026
-0.535237
-0.00174012
-0.689104
-0.589049
0.02244
-0.872665
0.463184
-0.305433
0.168715
-0.0168813
-0.343933
0.127543
0.317333
-0.189933
0.233275
-0.166003
-0.181873
0.378891
-0.0126592
0.182466
0.080188
0.517781
0.377791
-0.193006
0.368458
-0.00344578
-0.360206
0.498819
-0.17319
-0.391771
0.193504
-0.872665
0.0894198
-0.167261
0.333754
-0.00379419
-0.0142476
-0.328288
0.0218166
0.345272
-1.11038e+17
-0.669657
-0.328642
-0.456166
-0.142809
0.371506
-0.0362491
0.510816
-0.153672
0.508553
-0.0462914
0.521586
-0.0409794
-0.342353
-0.234568
0.501782
-0.0518277
0.203622
-0.493245
-0.385627
0.342942
-0.348107
-0.0541654
0.523599
0.299536
-0.354884
-0.1815
0.505487
-0.349066
0.0417361
0.487003
0.347355
-0.380684
-0.00969627
0.182466
0.31126
0.466686
-0.262353
0.0835744
0.188246
-0.343248
0.119425
-0.10295
-0.481863
-0.0124666
0.343933
0.478643
0.319109
0.46736
6.50186e-09
0.378155
-0.0325935
0.349066
0.174533
-0.376624
0.387245
-0.348307
-0.00758839
-0.284764
0.347285
0.118923
0.392699
0.00415554
0.380031
-0.270985
0.00183076
0.395076
0.338158
-0.0682955
0.189933
0.315076
-0.0618799
-0.361532
0.436332
-0.155754
0.50982
-0.0908597
0.343895
-0.0158666
0.0826582
0.331613
0.00581777
-0.524638
0.354884
-0.0373999
0.318266
-0.493679
0.466252
-0.12401
0.308341
-0.378155
-0.118779
0.186487
0.621132
0.41694
-0.256502
0.38618
0.198968
0.496258
-0.146098
0.193504
-0.280171
0.217151
-0.220585
-0.0137883
-0.165505
-0.534981
-0.366519
0.323959
0.526608
0.297759
0.146038
0.394444
-0.333199
0.372031
-0.114416
0.15708
0.286359
-0.287466
0.348324
-0.00793331
-0.517365
0.0161605
0.343248
-0.167092
0.174533
0.195311
-0.500931
0.230876
-0.00323209
0.307163
0.178688
-0.103133
0.275225
-0.0587784
0.0229649
-0.174533
0.292384
-0.0249973
-0.160754
0.250164
0.162066
-0.176891
0.178327
-0.223014
0.159133
-0.333062
0.219739
0.350106
0.1694
-0.364729
0.420466
-0.210177
0.17136
-0.357919
0.219698
0.319977
0.0261799
-0.0237594
0.356426
-0.37131
0.143206
-0.441786
-0.0126386
0.132307
0.349066
0.481979
0.0483324
0.371334
-0.367766
0.342681
-0.0113826
0.354103
0.336599
0.191986
0.0636205
-0.0698132
0.342334
-0.510509
-0.0193925
0.332209
0.0238
0.206266
-0.0327249
-0.110318
0.186948
0.00872665
-0.0626183
0.110042
0.00402935
0.137133
-0.00771249
-0.187
-0.450869
0.349066
-0.00480996
-0.174134
-0.3735
-0.168669
0.350336
0.355779
0.372337
-0.168069
-0.149906
-0.350035
0.210107
-0.161221
-0.174533
0.246248
-0.337683
0.086384
-0.01785
-0.507732
0.18952
-0.0137789
-0.314918
0.241455
-0.129781
0.50982
-0.175041
0.501782
-0.0872665
0.378155
-0.167737
0.0383176
-0.333199
-0.142382
0.200713
-0.333199
0.251533
-0.340604
0.221693
0.365388
0.435269
-0.190196
-0.372031
0.203831
-0.418366
0.144865
-0.197804
0.0436332
0.198118
0.498454
0.518751
0.210086
-0.158666
0.528732
0.364217
0.168356
0.510509
0.348039
0.532044
0.163625
-0.335916
-0.436985
0.174533
0.343512
-0.516319
-0.174533
0.420307
0.00389766
0.504899
-0.174939
-0.343974
0.194238
-0.479294
0.181807
-0.37929
0.196174
-0.415684
0.195823
-0.407206
0.176751
0.349066
0.353221
-0.508929
0.181246
-0.335287
0.199706
0.134866
-0.352557
-0.108948
0.0194006
0.225953
0.151434
-0.106811
0.163568
0.0517951
0.350025
0.184229
0.172007
0.395797
0.872665
-0.010472
0.169297
0.872665
-0.730857
0.00273902
-0.349066
0.00226032
0.269224
-0.174533
-0.327249
-0.672796
-0.336967
-0.587133
-0.872665
-0.696621
-0.872665
-0.624806
-0.872665
0.872665
-0.872665
-0.682825
-0.872665
0.0174533
-0.368037
0.465421
0.258509
0.108872
0.171524
0.872665
0.172316
-0.690041
-0.872665
0.442255
-0.319977
0.855211
0.145569
0.728282
0.150317
0.586004
0.176891
0.619956
0.30938
0.683587
0.0597086
0.598569
0.29164
0.601401
0.285418
0.598574
0.270607
0.315821
0.29124
0.00430531
0.349066
0.486257
0.323304
0.563265
0.178246
0.601096
0.229978
0.557323
0.221562
-0.274333
0.267338
0.340085
0.544826
0.405163
0.340337
0.586724
0.343175
-0.193233
-0.0274531
0.0475682
0.62308
-0.0436332
-0.0981748
0.143536
0.0897959
0.641294
0.163339
0.625077
0.151662
0.663225
0.409338
0.352442
0.622083
0.211729
0.614827
0.224023
0.641402
0.244247
0.636681
0.197201
0.24524
0.619693
0.212021
0.622365
0.247215
0.138396
0.266183
0.16417
0.270178
0.663984
0.231888
0.629452
0.317482
0.596829
0.195311
0.677354
0.193648
0.65124
0.204346
0.639012
0.224373
0.634329
0.171152
0.628033
0.17739
0.634391
0.168855
0.610737
0.240515
0.596781
0.280591
0.5955
0.279648
0.59561
0.169146
0.581776
0.482874
0.0152777
0.694338
0.168564
0.630258
0.181858
0.67044
-0.349066
0.599893
-0.491482
0.298317
-0.164386
-0.0711961
0.61845
0.357848
0.630293
-0.490498
0.564643
0.25899
-0.483593
0.247615
0.183084
0.285802
0.199909
0.325675
0.594728
0.300716
0.193233
-0.366519
0.504628
0.294182
0.170594
0.653094
0.563464
0.409744
0.214036
0.0249889
0.25171
0.324648
0.190359
0.311666
0.165902
-0.0859878
0.098902
-0.143117
-0.0690147
-0.338594
-0.00435089
0.141432
-0.346251
-0.175642
-0.241069
-0.179159
0.0767881
-0.424238
0.0825315
-0.448799
0.0973043
-0.487243
0.0929276
-0.46172
0.0913167
-0.507732
0.0603201
0.00614553
-0.159989
-0.0973522
0.128333
0.0782634
0.0740336
0.120368
0.872665
-0.0490884
0.026182
0.872665
-0.0375932
0.187293
0.429464
0.560999
0.613982
0.533125
0.114118
-0.0847941
-0.46706
-0.606053
-0.507845
-0.349294
0.348613
-0.583109
-0.476061
0.514325
0.00212845
-0.0263299
0.513142
-0.470988
-0.0975028
-0.0405358
0.551025
0.385592
0.320739
0.16647
-0.457488
0.529617
-0.145444
0.525185
0.397547
0.293157
0.488091
0.403904
-0.0150459
-0.052121
-0.124017
-0.0160285
0.431346
0.492034
0.232711
0.308282
0.414516
-0.514571
-0.00116355
0.4844
0.187
0.291405
0.412136
0.202506
0.29816
0.337959
0.0117928
0.0610683
0.354005
0.00235855
0.362734
0.174533
-0.0951135
0.0932177
0.253204
0.450379
0.0199577
-0.33937
-0.449795
0.497227
0.320505
0.195353
-0.1548
-0.260923
-0.0324066
0.0422653
0.454158
0.472862
0.033838
0.352298
-0.358762
-0.698132
0.495496
0.141681
-0.184689
-0.552148
-0.336599
-0.0267142
0.384647
0.522784
0.45382
0.314316
0.160623
0.348063
0.24802
0.0115258
0.249333
0.430475
0.525995
0.361533
0.559152
0.357356
0.537665
0.0236347
0.181246
0.00671281
0.313133
0.383271
0.10646
0.271389
0.144367
0.0821578
0.348465
0.624329
0.525411
0.389259
0.321509
0.221356
0.284325
0.405075
0.633757
0.516886
0.122966
0.0803579
0.524421
0.0706876
0.153145
0.415059
0.361447
0.148119
0.0669043
-0.00581777
0.483742
0.420466
0.151957
0.52264
0.0246623
0.513651
-0.409062
0.523599
0.0718187
0.528932
0.0430912
0.538817
0.00793331
-0.326101
0.510858
0.449758
0.00379419
0.471239
0.515288
-0.00443697
-0.387724
0.392699
-0.319977
0.0183152
0.596714
-0.608671
0.00160935
-0.349066
-0.0310467
-0.119464
0.836481
0.775677
0.325266
-0.0151768
0.0847722
0.811578
0.234704
0.286036
0.442611
0.686154
0.472848
-0.135413
0.332941
-0.1315
0.312736
-0.230066
0.315502
0.721932
0.774246
0.294524
-0.0117928
0.230795
-0.0683686
0.235236
-0.0808023
0.688159
0.633925
0.314918
0.713998
0.535775
0.468785
0.351881
-0.0232711
0.188493
-0.0318017
-0.0375285
-0.0242407
0.0688413
-0.0800788
0.349066
0.579633
0.368037
0.308102
-0.0174533
0.253882
0.575959
0.449229
0.393368
-0.349066
0.256666
0.324133
0.2748
0.206946
0.226563
0.232711
-0.121663
0.279172
0.723065
-0.186682
0.554561
-0.0204241
0.0508857
0.111546
-0.0145444
0.0906841
-0.0193925
0.0935234
-0.0119658
0.1829
-0.0275391
-0.0888188
0.055581
0.121055
0.177652
-0.00593259
-0.0990051
0.129619
-0.00638535
0.0568212
0.110955
-0.021227
0.0537651
0.10714
0.16025
-0.00186369
-0.0747527
-0.00763052
0.0570492
-0.0688615
0.0980919
0.151603
-0.00410855
-0.0954018
0.00460435
0.0522642
-0.0844329
-0.00823268
0.0572808
-0.00315822
0.132581
0.348478
0.26556
0.193949
0.00193925
0.115169
-0.0217485
0.0904497
0.142109
0.706577
0.186488
0.349066
0.201616
0.269655
0.174533
0.175782
0.334521
0.153482
0.0961397
0.616144
0.00872665
0.715585
-0.302866
0.0113826
0.328001
0.152085
0.209422
0.108331
0.0187
0.0808666
0.343248
0.0145444
0.727221
0.356999
0.179126
0.33937
0.0676651
0.102421
0.166103
0.366519
0.106659
0.152263
-0.00628123
0.0761108
0.126153
0.187924
0.679161
-0.329673
-0.0118496
0.109088
-0.104753
0.217772
-0.311666
0.0176914
0.0814574
-0.188913
-0.00969627
0.332918
0.203622
0.00608836
-0.0538635
-0.00264443
0.0797771
0.701622
0.62955
0.501506
0.182503
0.117145
0.010472
-0.0505255
0.109403
-0.08321
0.163466
-0.145399
-0.199466
0.554478
-0.012327
0.139986
-0.166412
-0.0014306
0.146671
0.523599
0.363141
0.23726
0.175902
0.355779
0.429231
0.590332
-0.441261
0.500634
0.325266
0.836303
0.324404
-0.505088
0.145643
0.336227
0.153357
0.0290888
0.180235
-0.0100692
0.336599
0.470388
0.527175
0.0124666
0.170697
0.228683
0.343933
0.594359
-0.0277378
0.122156
0.0152893
0.0755578
0.594492
0.0757877
0.126819
0.183693
0.639954
0.0218166
0.118233
0.00677035
0.0762871
0.140217
-0.156148
0.0290888
-0.0578918
0.103323
0.0109273
0.0786322
0.174427
0.0296765
0.13614
0.224134
0.0604152
0.178061
0.115639
-0.199676
0.103792
-0.032543
0.180423
-0.00396564
-0.0082974
-0.0841452
-0.00793331
0.162897
0.275867
0.164464
0.0356999
0.163925
0.536065
0.0567232
0.152347
0.125975
0.555332
0.463311
0.524945
0.617139
0.103622
0.507936
0.00501531
0.325266
0.16994
0.263239
0.167634
0.053348
0.0894303
0.0371881
-0.134215
0.100589
-0.335621
0.129881
-0.287435
0.50982
0.436963
-0.172474
-0.436332
0.172916
-0.383387
0.191132
-0.442114
0.126644
0.186126
0.180608
0.106044
0.0138888
0.190155
-0.366138
0.269733
-0.366562
0.148971
-0.26857
-0.0750972
0.335287
0.185915
0.252822
0.35286
0.269445
0.211992
0.358762
-0.00513332
0.170727
0.405532
-0.200713
0.30996
0.378155
-0.184229
-0.403607
-0.345575
0.337442
-0.363632
0.343612
-0.159454
0.318244
-0.317154
0.0161605
-0.527393
-0.594684
-0.488796
-0.304791
0.328642
-0.337683
0.336486
-0.19544
0.346701
0.0290888
0.0849774
-0.176321
0.336536
-0.340755
0.333333
0.28183
-0.319977
0.341133
-0.46475
0.274839
-0.335552
0.334759
-0.55251
-0.00969627
0.0693848
0.140985
0.341586
-0.340868
0.333977
-0.352298
0.340306
-0.339739
0.333494
0.0230461
0.109009
0.164609
0.38063
-0.165806
-0.665031
-0.519949
0.665407
-0.345834
0.334521
-0.159249
0.333447
-0.174533
0.339707
-0.174533
0.346687
0.262091
0.174533
-0.335844
0.714842
0.114644
-0.348688
-0.179262
0.341794
0.356338
-0.15149
0.220244
0.235856
-0.380799
0.338415
-0.127089
0.337747
0.593412
0.535576
0.605082
0.751834
0.673997
0.401552
0.188565
0.261799
-0.0187
0.159133
0.630258
0.712756
-0.279253
-0.00415554
-0.352126
-0.450087
-0.510671
-0.678855
0.369844
0.463304
0.178327
-0.345575
0.311456
0.224399
0.356999
0.269733
-0.372337
0.67112
0
0.328288
0.840931
-0.0201384
-0.172038
0.282457
0
-0.354199
0.323448
-0.340621
-0.256063
-0.347776
-0.218566
0.018159
-0.13605
-0.222584
-0.0865407
-0.349066
-0.174533
0.377145
-0.253047
-0.491448
-0.412557
0.703072
-0.232064
0.708925
0.551398
0.467845
0.665621
0.59438
0.381383
0.303687
0.38086
0.22074
0.328288
0.366519
-0.208681
-0.266845
0.516595
-0.343248
0.225742
0.258648
0.509914
0.32373
0.301466
-0.349066
0.180954
0.202203
0.186326
0.179666
0.503066
0.577586
0.297184
0.829031
0.220135
0.716212
0.195091
0.769476
0.186585
0.738498
0.183441
0.760514
0.181721
0.718909
0.174533
0.181254
0.832998
0.201234
0
0.706577
0.172896
0.110691
-6.07341e+28
0.0699572
-0.18971
-0.16315
-0.264338
-0.353931
-0.282876
-0.116221
-0.0534709
0.012863
-0.0243602
-0.0979587
0.000420443
-0.349409
0.0586212
-0.201286
-0.20493
0.17952
0.00604925
-0.0674231
-0.314497
0.0874028
0.126296
0.18568
0.121698
-0.0865178
0.223641
0.00443567
-0.103004
-0.310281
-0.282836
-0.205652
-0.302826
-0.206684
-0.232221
-0.18305
-0.422931
-0.0821735
-0.162066
0.37248
-0.209733
0.365211
-0.235135
0.0384865
-0.0786808
0.29791
-0.199617
0.318844
-0.195495
0.328718
-0.20598
0.330538
-0.202192
0.324666
-0.214839
0.311599
-0.230113
0.307538
-0.188385
-0.0973164
-0.0435358
-0.124619
-0.207004
0.311272
-0.215595
0.328556
-0.255281
-0.216928
-0.231318
0.222407
-0.0246074
-0.184399
-0.0718471
0.186353
0.0949741
0.0581776
-0.00384356
0.062581
-0.837717
-0.760548
-0.310648
-0.193504
-0.0654498
-0.179126
0.322886
-0.170305
0.325548
-0.268115
-0.185347
-0.437817
-0.0193902
-0.186379
-0.0661518
-0.216554
0.0861017
-0.0129207
-0.127152
0.0206017
0.344703
-0.164096
0.184315
0.256492
0.0185366
-0.520012
-0.139353
0.135748
-0.0457754
-0.115204
-0.143461
0.318478
-0.167435
0.127543
0.0668883
0.307049
0.226661
0.162364
0.0955176
-0.236866
-0.0292447
0.302866
0.507236
0.578871
-0.00411388
-0.0613629
0.349066
0.23092
0.144201
-0.0981748
-0.022169
0.158504
-0.00638602
-0.0149299
-0.104633
0.378155
0.174478
0.326377
0.269402
-0.167261
3.54647e-09
0.100895
0.309606
0.235859
0.328642
0.266265
0.194067
0.0341477
0.153725
0.00623332
-0.311195
0.0436332
0.860198
0.0492625
0.824765
0.0566404
0.784172
0.0678335
0.763301
0.0444879
0.333199
0.2743
0.364932
0.290054
0.237591
0.162181
0.403088
0.209125
0.0633917
0.407243
0.35511
0.163497
0.0113826
0.296706
0.285238
0.1428
0.077108
-0.172295
-0.125764
0.0098947
0.101255
0.0483985
-0.117099
0.0126277
-0.378155
0.0817472
-0.487238
0.0143497
-0.40475
-0.186006
-0.126333
0.0109869
8.09476e+09
0.297153
0.526414
0.371857
0.655229
0.405622
0.581655
0.341188
0.611869
0.543579
0.491448
0.432441
0.338697
0.862398
0.727221
0.762208
0.709785
-0.0388866
0.819028
0.55575
0.633407
0.744744
-0.0321508
0.209631
0.00379419
0.378155
0.296706
0.241853
0.235842
0.303016
-0.490035
0.464099
-0.526831
-0.358615
0.38792
-0.165806
0.132797
0.33937
0.393238
-0.154528
-0.0847152
0.390802
0.445405
0.296706
-0.514571
-0.0151175
0.0485726
0.129194
0.411806
0.349066
0.138392
-0.00379419
0.0804625
0.518145
0.331613
0.423237
0.362107
0.128822
0.469577
0.368222
0.353943
0.421321
0.0229649
0.0816634
0.00562073
0.0718236
0.286733
0.116221
-0.0476886
-0.147341
0.354934
-0.148213
-0.0436332
0.208801
0.326124
-0.497932
-0.146651
-0.0581776
-0.0148007
-0.325266
-0.415023
-0.298362
-0.00459297
-0.11138
0.0341477
-0.0359155
-0.0959423
0.0910132
0.134188
0.0421374
0.199756
0.307819
0.231969
-0.139059
-0.217745
-0.0209518
0.506145
0.672624
0.585215
-0.185915
-0.110008
6.50186e-09
0.352557
0.413491
-0.0102666
-0.355299
-0.151262
0.337706
4.52389e+21
0.542991
-0.171301
0.359538
0.412479
0.00254175
0.352075
-0.191986
-0.00670625
0.337273
-0.308816
-0.198333
-0.321795
-0.221075
-0.31247
0
-0.296706
-0.150286
0.204669
-0.237773
0
-0.273435
-0.318712
-0.186168
0.197158
-0.272066
-0.064725
-0.177317
0.0307204
-0.239034
-0.319977
0.205949
0.00585185
-0.186357
0.19635
0.00883054
0.242937
-0.0560487
-0.20359
-0.0441132
-0.1309
0.0337166
-0.0448337
-0.174819
-0.0636466
0.2353
0.266649
0.155562
0.23914
-0.301069
-0.208838
0.214199
0.113746
-0.052778
-0.213289
0.0249999
-0.233108
0
0.417984
-0.205076
0.358461
0.45084
0.396442
0.368037
0.256281
0.376637
-0.168715
0.0055702
-0.0403012
0.515753
0.380482
0.506146
0.447397
0.503065
0.359538
0.411558
-0.16315
0.526414
0.445012
0.378155
0.516673
0.541052
0.098902
0.203293
0.137385
0.292599
0.159238
0.359045
0.497648
0.264324
0.312705
0.246759
0.1904
0.265265
0.362845
0.0872665
0.504899
0.363379
0.514872
-0.0675101
0.516327
0.328288
0.426289
0.33937
-0.193233
0.210894
0.420466
6.50186e-09
0.519006
0.487238
0.407698
0.415177
-0.189933
0.482874
-0.54257
0.517365
0.266443
0.545923
0.459001
0.498665
-0.0124666
0.192145
0.43243
0.362845
0.0193925
0.40544
0.513127
0.429205
0.349066
-0.177542
0.462512
-0.106261
0.482874
0.331613
0.430712
0.37751
0.248858
0.365757
0.203554
0.430272
0.00872665
0.182844
0.308077
-0.0545969
0.460183
0.345834
0.499164
0.38263
0.437415
0.0370855
0.480752
0.208097
0.137495
0.402552
0.177542
0.264141
0.350715
0.530871
0.501782
-0.0103889
0.531235
-0.184229
0.518465
-0.218589
0.532665
-0.045711
-0.170773
-0.112464
0.475117
0.319683
0.385564
0.442689
-0.147262
0.436899
-0.872665
-0.100575
0.433159
-0.120112
0.432079
0.353958
0.239678
0.366285
0.184735
-0.0314001
0.361532
-0.152911
-0.0229649
0.496141
0.45395
0.165806
0.287168
0.177177
0.264995
0.364162
0.0174533
0.181456
0.247094
0.523599
0.0140752
0.532325
0.41971
0.336599
-0.314918
-0.243933
0.504628
0.303344
0.426802
0.355179
0.446029
-0.1666
0.37013
-0.0174533
-0.0767807
-0.00581777
-0.0759553
0.388805
-0.0558233
0.39218
0.218166
0.27998
0.330636
0.392699
0.473528
0.354884
0.331613
0.458375
0.508814
0.370882
0.151568
0.318337
0.390324
0.512216
0.188312
0.425376
0.539944
0.397224
0.327249
0.385647
-0.162066
0.201189
0.391952
0.349066
-0.0124666
0.490035
0.378155
0.449551
0.501241
0.335287
-0.177348
0.410116
0.361834
-0.145444
0.367427
0.361532
0.428834
0.440994
0.538498
0.48348
-0.153021
0.459452
0.316915
0.676315
0.272708
0.483932
0.363772
0.308879
0.190693
-0.174533
-0.130743
0.340339
-0.16782
-0.349066
0.533295
0.336599
-0.172037
0.374732
0.293333
0.287834
0.328926
0.523599
0.349066
0.182466
0.280233
-0.534507
0.533295
0.161849
0.233173
0.446487
0.337583
0.46515
0.33988
0.429334
0.49055
0.010472
-0.0681646
0.317333
0.399031
-0.151568
0.51751
-0.16315
0.359126
-0.368037
0.167261
-0.688435
-0.166461
0.336599
0.54211
0.467769
-0.191986
0.522256
0.341794
-0.0022376
-0.0854972
0.501782
0.19635
0.319114
0.677067
0.550467
0.349066
0.524941
0.31765
-0.177315
0.335571
-0.171748
-0.104102
0.324698
-0.332509
-0.142087
-0.0544109
0.24377
0.324631
0.259328
0.163625
0.22196
-0.0107589
-0.191256
0.198311
0.248563
0.317333
0.422658
0.548455
0.484365
0.392507
0.490035
0.382487
0.562506
0.331032
-0.378155
0.0872665
0.125333
0.341133
0.280357
0.348356
0.245214
0.51067
0.333666
0.41858
0.273435
-0.181805
0.322911
0.171524
0.267873
-0.180646
0.343673
0.674332
0.552688
0.353221
-0.167053
0.682265
0.314159
-0.193504
0.0161685
0.251134
0.193848
-0.167261
0.413895
0.474149
0.352557
0.336599
0.536527
0.675808
-0.156161
0.327249
0.486137
0.330095
0.0113826
0.536149
0.343592
-0.0140752
-0.145444
0.373171
-0.150733
0.320704
0.234824
0.301914
0.2002
0.0290888
0.343248
0.356999
0.321547
0.203622
0.418131
-0.218085
0.214199
0.120579
-0.0378296
0.523442
0.452865
-0.0197968
0.242297
-0.0339049
-0.172329
0.20619
-0.0261233
0.537378
-0.0131081
-0.119
0.0113826
-0.0795996
-0.159341
0.153479
-0.0147682
0.0919812
0.0219803
-0.16994
0.203622
0.00584659
-0.203622
0.209321
-0.266544
0.156006
0.206742
-0.220358
0.172683
-0.224866
0.187983
-0.265079
0.140525
-0.245632
-0.352557
0.175399
-0.25906
0.03134
0.188108
0.0999302
-0.202679
-0.260023
-0.304164
0.172478
0.241037
0.169411
-0.36033
-0.00831109
0.150797
-0.178668
0.360279
-0.313255
0.228971
0.145179
-0.111489
-0.372866
-0.313799
0.161111
0.241074
-0.405904
0.0853742
-0.418213
0.0410666
0.102032
-0.403227
0.0709188
-0.415639
-0.232711
-0.378686
-0.433363
-0.349329
-0.366034
-0.43332
-0.0953415
-0.361762
0.109787
-0.500717
-0.436332
-0.48965
0.151689
0.207277
-0.489597
0.211402
-0.516651
-0.356607
-0.316414
0.178896
-0.254641
0.230202
-0.478624
-0.423723
-0.287858
0.048721
-0.20019
0.349066
-0.0196239
-0.119235
0.508805
-0.245715
0.108447
-0.393643
-0.123284
-0.204254
-0.366402
0.0359339
0.21194
-0.355691
0.0925553
0.113777
0.00911739
-0.0824721
0.0708398
-0.431947
0.381245
-0.499699
-0.302648
0.205241
-0.339577
0.190666
-0.353338
-0.0237999
-0.231263
-0.296902
-0.355801
0.167659
-0.35539
0.166044
0.173339
0.0637289
0.149909
-0.340702
0.135748
-0.346421
-0.286806
-0.0649069
-0.34199
-0.278912
0.197432
-0.211028
0.173598
0.230274
-0.238717
0.241621
0.167661
0.124413
-0.300835
0.266544
-0.337981
0.329501
0.274189
0.195883
-0.321165
0.172844
-0.345099
0.168161
-0.330199
-0.189244
0.0721982
0.321927
0.354978
-0.000505487
0.782171
0.471239
0.482874
-0.186168
0.0407244
0.476609
0.77875
0.857265
-0.187959
-0.137133
0.203622
0.30327
-0.00300919
0.403088
0.477664
0.425391
0.00300919
-0.0684988
0.447793
0.0461999
0.373999
0.238745
-0.33402
-0.159957
0.43066
-0.163993
0.395394
-0.162066
0.855211
0.773007
0.718462
0.61512
0.456389
0.221523
0.296412
0.500634
0.394642
0.273627
0.358377
0.425424
0.424598
0.333666
-0.0261799
0.181261
0.352075
-0.161106
0.359538
0.215374
0.365598
-0.1904
0.491724
-0.169388
0.226893
0.278644
0.534981
0.479076
-0.52069
-0.447391
-0.208841
-0.048941
0.165133
0.273446
0.00459297
0.191374
0.37169
0.430364
0.632059
0.426867
-0.164837
0.322886
0.406159
0.504206
-0.137133
0.327765
-0.246632
0.480043
0.519805
0.629565
0.522269
0.598305
0.555626
-0.174533
0.636318
0.67931
0.575959
0.378155
0.464156
-3.40809e+28
0.658456
-0.531014
-0.450565
-0.340339
-0.474695
-0.360859
-0.435318
0.538999
0.643795
0.381791
0.164061
-0.762633
-0.813458
0.429139
0.855211
0.731197
0.469296
0.298975
0.482262
0.343534
0
-0.549265
0.269321
-0.534071
-0.706873
-0.53078
-0.455887
-0.519058
-0.675155
-0.326672
-0.1694
0.622711
-0.689104
-0.626427
-0.499745
-0.718999
-0.446258
0.370882
-0.641219
-0.587401
0.174533
0.199466
0
0.278422
0.224889
0.242408
-0.50994
0.211943
-0.614118
-0.699172
-0.617065
-0.354884
-0.296211
-0.329618
-0.0213098
-0.135043
-0.201384
0.0127581
-0.121488
-0.199359
-0.27752
-0.273982
0.0189556
-0.0814187
-0.195556
-0.466753
-0.59022
0.0387851
0.115136
0.16719
0.219566
0.25178
0.0137789
0.222977
0.114188
0.041982
0.198135
-0.841249
-0.484814
-0.591981
-0.555981
-0.64965
-0.567967
0.338897
0.00349066
-0.199466
0.181805
-0.356999
0.515366
-0.396055
-0.28002
-0.178688
0.836125
0.139657
-0.552688
-0.559532
-0.622599
-0.585998
-0.362491
-0.434298
0.200713
0.102875
0.196129
0.0124666
-0.157633
0.0574698
0.018971
-0.349066
-0.446444
-0.622501
-0.468838
-0.258238
-0.728061
-0.792517
-0.574121
-0.407243
-0.552688
-0.397297
-0.629734
-0.548532
-0.356999
-0.391092
-0.0343777
-0.189482
-0.419615
-0.254227
-0.385233
-0.0453786
-0.615695
-0.556676
-0.428917
-0.325091
-0.467499
-0.0403878
-0.390403
-0.225193
-0.291881
-0.486938
-0.373152
-0.529832
-0.362571
-0.475656
-0.371128
-0.460616
-0.359886
-0.168715
0.0126052
-0.396487
0.0707828
-0.394777
-0.0158666
-0.499799
-0.429058
-0.1666
-0.0331011
-0.178156
-0.238944
-0.361081
-0.414204
-0.344021
-0.462512
-0.229074
-0.0763581
-0.108314
-0.349066
-0.522082
-0.401138
-0.526622
-0.429474
-0.355779
-0.523599
-0.388421
-0.460132
-0.351144
-0.134866
-0.518145
-0.383003
-0.52584
-0.581224
-0.467916
-0.396439
-0.491448
-0.436332
-0.554142
-0.399802
-0.536065
-0.413567
-0.500328
-0.0193925
-0.654498
-0.453786
-0.599957
-0.773946
-0.162066
-0.708604
-0.511132
-0.439103
0.193437
-0.624291
-0.186168
-0.635031
-0.384999
0.0787256
0.164061
0.872665
-0.552688
-0.619255
-0.234948
0.342833
0.159133
0.106292
-0.00793332
-0.381217
-0.174533
0.0592165
0.180146
-0.0124666
-0.552688
-0.672796
-0.132797
0.519209
-0.174533
-0.262612
-0.402049
-0.594317
-0.174533
-0.085237
0.0158666
-0.200402
-0.338158
-0.0290888
-0.158666
-0.371691
-0.254102
-0.380482
-0.0373999
-0.105966
-0.160754
-0.371067
-0.255149
-0.365094
-0.207699
0.234948
-0.170739
-0.706065
-0.478004
-0.360172
-0.242467
-0.391452
-0.286972
-0.357792
-0.191986
-0.122173
-0.541052
-0.415853
-0.254096
-0.36361
-0.235251
0.210466
-0.150098
0.0038699
-0.504206
-0.372866
-0.502142
-0.560648
-0.372337
-0.155562
-0.379727
-0.465421
-0.15708
-0.0113826
0.0924193
-0.226604
-0.366519
-0.180351
-0.101721
0.0134256
-0.046396
-0.133809
-0.379609
-0.140969
0.0190785
-0.1386
-0.0640638
-0.372337
-0.241344
-0.35286
-0.0581776
-0.128822
-0.37001
-0.327249
-0.741765
-0.307774
-0.159133
-0.384999
-0.698132
-0.0116355
-0.0738721
-0.648414
-0.00581777
-0.101486
-0.464302
-0.10085
-0.5881
-0.639954
0.0317333
-0.541052
0.1309
-0.387848
-0.0545686
-0.116036
0.236989
0.0373999
-0.727221
-0.782303
-0.413061
-0.490885
-0.542299
-0.214199
-0.295473
-0.350766
-0.526608
-0.392876
-0.320525
-0.467232
-0.179666
-0.399214
-0.427891
-0.511806
-0.0413367
-0.530312
-0.566719
-0.483322
-0.58651
-0.315502
-0.535266
-0.481712
-0.368542
-0.411399
-0.287326
-0.374361
-0.189652
-0.607134
-0.405595
-0.550948
-0.483339
-0.377462
-0.436799
-0.665495
-0.153755
-0.361164
-0.471638
-0.685665
-0.469577
-0.574967
-0.453786
-0.50697
-0.36361
-0.453022
-0.526414
-0.471155
-0.218166
-0.359832
-0.438148
-0.436332
-0.491866
0.181246
-0.360448
-0.536065
-0.619826
-0.53181
-0.680678
-0.560127
-0.666965
-0.519723
-0.571012
-0.331613
-0.496429
-0.588316
-0.528692
-0.478148
-0.402547
-0.419185
0.360701
0.273011
-0.0176188
0.0853757
-0.677598
-0.593073
-0.521192
-0.687025
-0.545843
-0.626732
-0.677354
-0.576599
-0.491865
-0.845107
-0.452073
-0.650678
-0.416889
-0.359249
-0.548518
0.00793332
0.105715
-0.102855
0.215108
-0.520954
-0.703254
0.364792
-0.839697
-0.669043
-0.376337
-0.645772
0.150098
-0.507732
-0.840931
-0.766006
0.164061
-0.848865
0.431605
0.150733
-0.677993
-0.543737
-0.440916
-0.174533
-0.344809
-0.701768
-0.517781
-0.567375
-0.698676
-0.319977
-0.677354
-0.46619
-0.604823
-0.537378
-0.618586
-0.696351
-0.63881
-0.403088
-0.0134444
-0.379312
-0.248233
-0.197498
-0.282008
-0.477888
-0.523599
-0.582187
-0.523169
-0.326559
-0.141482
-0.317333
-0.174449
-0.0261799
0.505042
-0.194012
-0.329667
-0.423339
-0.566841
-0.47948
-0.569325
-0.446352
-0.187
-0.349608
-0.70395
-0.210466
-0.573725
-0.232906
-0.356235
-0.537458
-0.454812
-0.314712
-0.365713
-0.339808
-0.259147
-0.326262
-0.222146
-0.610865
-0.216466
-0.49451
-0.416297
-0.487965
-0.584014
-0.36361
-0.280519
-0.425424
-0.552688
-0.671049
-0.179008
-0.309497
-0.525185
-0.261799
-0.239805
-0.595068
-0.331581
-0.00281504
0.0798854
-0.147864
0.354479
-0.499164
-0.434378
0.181595
-0.45609
-0.534315
-0.212887
-0.33937
-0.250009
-0.318661
-0.392266
-0.531045
-0.313121
-0.00379419
-0.567828
-0.473062
-0.163873
-0.483219
-0.185783
0.405413
-0.0436332
-0.132063
-0.201038
-0.0317333
-0.527579
-0.430665
-0.657407
-0.516634
-0.186127
-0.120622
-0.397086
-0.139758
-0.396768
-0.597304
-0.418435
-0.237768
-0.495469
-0.596763
-0.170236
-0.235395
-0.16703
-0.340755
-0.434005
-0.571919
-0.50326
-0.335138
-0.55655
-0.347219
-0.0124666
-0.154692
-0.268397
-0.0953864
-0.342353
-0.552688
-0.585932
-0.502418
-0.171042
0.0234826
0.0623588
0.185218
0.292572
0.0854357
-0.0174533
0.0719899
0.146341
0.236866
0.181805
0.242349
0.179385
-0.488046
0.25747
0.165505
0.25113
-0.122173
-0.161763
-0.325467
-0.49583
-0.443772
-0.346477
-0.494054
-0.695487
-0.614643
-0.61569
-0.371543
-0.33402
-0.468766
-0.359538
-0.714609
-0.597994
-0.170377
-0.759607
-0.15896
-0.211017
-0.539334
-0.666157
-0.550783
-0.520035
-0.785398
-0.638022
-0.411278
-0.174533
-0.296113
-0.466904
-0.356113
-0.703586
-0.54951
-0.330095
-0.494928
0.673697
0.146004
0.563251
-0.682732
-0.591683
-0.646425
-0.704174
-0.544326
-0.373541
-0.439096
-0.528933
-0.739094
-0.526986
-0.432592
-0.352557
-0.405518
-0.822798
-0.681132
-0.628007
-0.459198
-0.701364
-0.576898
-0.480379
-0.328306
-0.444864
-0.32455
-0.42237
0.496172
-0.330095
-0.420877
0.360899
0.288334
-0.631128
-0.367205
-0.27379
-0.753562
-0.217362
-0.183987
-0.344653
-0.487396
-0.573909
-0.505155
-0.352491
-0.392551
-0.32609
-0.229372
-0.733685
-0.102628
-0.184692
-0.323381
-0.170377
-0.252961
-0.722884
-0.493459
-0.311191
-0.420072
-0.359041
-0.426092
-0.356338
-0.711911
-0.524255
-0.26006
-0.74351
-0.338088
-0.725172
-0.613052
-0.747715
-0.309763
-0.592606
-0.691646
-0.618599
-0.565645
-0.598199
-0.345477
-0.523599
-0.465496
-0.804473
-0.347316
-0.489434
-0.545495
-0.519858
-0.488963
-0.334916
-0.499668
-0.37746
-0.740149
-0.178016
-0.365044
-0.717314
-0.647226
-0.524586
-0.707941
-0.493919
-0.290046
-0.215257
-0.329673
-0.517149
-0.443993
-0.283259
-0.345435
-0.509477
-0.342353
-0.152716
-0.704365
-0.557862
0.152716
-0.767945
-0.3612
-0.531087
-0.585117
-0.737222
-0.527487
-0.470355
-0.329917
-0.513903
-0.359623
-0.720426
-0.390018
-0.674332
-0.55243
-0.466862
-0.346355
-0.470322
-0.339332
-0.53769
-0.324959
-0.399916
-0.676315
-0.52578
-0.314159
-0.246049
-0.341233
0.499164
-0.334991
-0.766344
-0.507114
-0.449643
-0.350348
-0.486821
-0.586121
-0.490826
-0.523163
-0.461471
-0.346783
-0.534241
-0.464662
-0.573147
-0.486119
-0.396329
-0.34606
-0.495832
-0.445283
-0.422433
-0.747998
-0.340038
-0.524446
-0.472957
-0.568157
-0.701194
-0.58068
-0.461045
-0.527393
-0.438229
-0.763582
-0.294184
-0.428327
-0.355863
-0.475256
-0.423337
-0.353331
-0.710598
-0.532001
-0.398272
-0.296706
-0.687223
-0.0174533
-0.826465
-0.337179
-0.559902
-0.63094
-0.732832
-0.44524
-0.344762
-0.773476
-0.560234
-0.486614
-0.268776
-0.337249
-0.561224
-0.275235
-0.425156
-0.28238
-0.408146
-0.464421
-0.501951
-0.669043
-0.308341
-0.439382
-0.812956
-0.749402
-0.293066
-0.5264
-0.475953
-0.522484
-0.700886
-0.50938
-0.387883
-0.32222
-0.610865
-0.546127
-0.485274
-0.425954
-0.363641
-0.770854
-0.464252
-0.730857
-0.533223
-0.343248
-0.70932
-0.357792
-0.444846
-0.346421
-0.751902
-0.461199
-0.328096
-0.304448
0.174533
-0.511132
-0.617514
-0.31585
-0.821697
-0.32154
-0.445939
-0.765527
-0.476024
-0.753606
-0.333389
-0.289901
-0.277854
-0.335546
-0.692562
-0.549046
-0.476418
-0.763582
-0.253762
-0.44394
-0.342727
-0.405712
-0.326734
-0.396373
-0.46107
-0.497039
-0.40425
-0.856798
-0.178327
-0.785398
-0.289334
-0.396257
-0.528625
-0.496902
-0.428342
-0.400248
-0.258961
-0.436732
-0.578536
-0.429693
-0.744434
-0.375152
-0.290888
-0.401142
0.170739
0.281192
-0.332905
0.837758
0.778014
0.605174
0.175527
0.101157
-0.218376
-0.283734
-0.00581777
-0.198968
-0.259313
-0.819489
-0.330937
-0.455493
-0.704508
-0.316247
-0.245393
-0.388866
-0.580988
-0.517228
-0.449309
-0.739198
-0.354501
-0.681832
-0.388813
-0.70273
-0.399648
-0.728572
-0.349897
-0.39703
-0.271921
-0.328524
-0.395266
-0.829031
-0.419466
-0.39504
-0.625291
-0.744949
-0.528894
-0.800503
-0.722795
-0.384999
-0.708561
-0.655352
-0.449622
-0.718584
-0.592413
-0.346054
-0.504628
-0.42288
-0.34491
-0.179126
-0.806554
-0.729723
-0.395408
-0.47928
-0.547691
-0.729841
-0.373457
-0.382167
-0.562192
-0.63546
-0.550827
-0.346251
-0.567295
-0.508397
-0.364052
-0.356765
-0.412257
-0.52059
-0.417491
-0.458495
-0.524941
-0.345272
-0.716832
-0.549895
-0.820369
-0.29816
-0.663713
-0.814487
-0.747359
-0.527591
-0.334923
-0.762056
-0.311631
-0.764865
-0.416869
-0.551892
-0.619428
-0.564703
-0.33358
-0.408657
-0.145444
-0.254869
-0.316915
-0.289664
-0.691419
-0.776344
-0.230999
-0.294151
-0.503765
-0.621115
-0.718845
-0.790927
-0.467007
-0.314626
-0.193735
-0.247659
-0.37004
-0.491709
-0.440423
-0.569444
-0.417377
-0.349732
-0.40886
-0.342545
-0.203622
-0.261373
-0.523599
-0.698132
-0.178327
-0.342801
-0.170739
-0.808796
-0.735722
-0.370882
-0.693053
-0.52408
-0.332971
-0.555448
-0.545144
-0.47599
-0.20944
-0.590401
-0.537642
-0.357531
-0.203622
-0.359644
-0.193504
-0.337683
-0.438281
-0.334521
-0.203622
-0.827967
-0.361422
-0.245588
-0.402648
-0.52008
-0.714147
-0.676169
-0.488686
-0.370787
-0.593988
-0.470558
-0.31562
-0.109555
-0.225481
-0.348265
-0.705787
-0.615062
-0.35794
-0.364932
-0.515665
-0.411476
-0.253073
-0.715585
-0.0237999
-0.830493
-0.337837
-0.413419
-0.829031
-0.76475
-0.433721
-0.345272
-0.559081
-0.522832
-0.72722
-0.56446
-0.732132
-0.536228
-0.351058
-0.463797
-0.365607
-0.711557
-0.521553
-0.354199
-0.435446
-0.340755
-0.4126
-0.706817
-0.164837
-0.0901183
-0.823362
-0.295332
-0.491128
-0.346019
-0.426361
-0.267132
-0.394448
-0.601364
-0.535295
-0.319977
-0.402575
-0.587244
-0.50589
-0.315965
-0.408755
-0.360525
-0.46816
-0.332905
-0.520781
-0.349066
-0.438461
-0.00872665
-0.756309
-0.365941
-0.452001
-0.306312
-0.758777
-0.360165
-0.524507
-0.581505
-0.214973
-0.706603
-0.22774
-0.48293
-0.332762
-0.516327
-0.41762
-0.511699
-0.276975
-0.723798
-0.819214
-0.34659
-0.467087
-0.719238
-0.46733
-0.385374
-0.723798
-0.572958
-0.51319
-0.717524
-0.593262
-0.386818
-0.335339
-0.424588
-0.356566
-0.223014
-0.523599
-0.401426
-0.767945
-0.847731
-0.381211
-0.527997
-0.735287
-0.455928
-0.340391
-0.400657
-0.30905
-0.60285
-0.539061
-0.586801
-0.514577
-0.374981
-0.71827
-0.349066
-0.817112
-0.270694
-0.174533
-0.259533
-0.814015
-0.40451
-0.434445
-0.484422
-0.530831
-0.726132
-0.340617
6.50186e-09
-0.725402
-0.586825
-0.515303
-0.380908
-0.44703
-0.565778
-0.621026
-0.350338
-0.744332
-0.369022
-0.275079
-0.307275
-0.19635
-0.282052
-0.170377
-0.776212
-0.379196
-0.481428
-0.539939
-0.201493
-0.723828
-0.527662
-0.518225
-0.373478
-0.492011
-0.833545
-0.773976
-0.423801
-0.761145
-0.39815
-0.347469
-0.704845
-0.407243
-0.514935
-0.334521
-0.712676
-0.00707566
-0.850144
-0.406232
-0.470612
-0.469195
-0.33458
-0.689734
-0.569781
-0.513619
-0.406084
-0.703265
-0.511896
-0.711354
-0.651462
-0.588418
-0.742539
-0.20709
-0.692998
-0.762529
-0.690198
-0.237999
-0.288348
-0.685665
-0.501734
-0.698132
-0.512116
-0.45413
-0.303155
-0.174533
-0.362845
-0.807215
-0.349357
-0.543735
-0.743769
-0.544032
-0.777376
-0.521916
-0.338997
-0.174533
-0.269499
-0.504226
-0.565865
-0.529054
-0.364953
-0.456633
-0.2002
-0.436332
-0.378864
-0.723065
-0.596481
-0.523524
-0.207258
-0.821331
-0.321929
-0.435462
-0.33695
-0.430186
-0.324164
-0.408616
-0.348011
-0.446586
-0.337416
-0.541946
-0.446248
-0.566478
-0.510847
-0.298342
-0.420678
-0.329805
-0.437033
-0.514224
-0.669043
-0.490522
-0.351013
-0.466662
-0.597751
-0.757766
-0.474071
-0.362157
-0.718319
-0.388148
-0.330154
-0.567232
-0.466033
-0.697506
-0.536275
-0.476162
-0.70904
-0.59081
-0.498895
-0.303332
-0.277666
-0.490035
-0.0232711
-0.170033
-0.240853
-0.380973
-0.264119
-0.333032
-0.214199
-0.840344
-0.373984
-0.444409
-0.730848
-0.402731
-0.329118
-0.506151
-0.708774
-0.518935
-0.185175
-0.715585
-0.655273
-0.336964
-0.322566
-0.499129
-0.346707
-0.418863
-0.729298
-0.34491
-0.828966
-0.33185
-0.649082
-0.705602
-0.378845
-0.552688
-0.461092
-0.762633
-0.321646
-0.694236
-0.603268
-0.478092
-0.357485
-0.717103
-0.607109
-0.51929
-0.404011
-0.204983
-0.323399
-0.269701
-0.8497
-0.325991
-0.340015
-0.469847
-0.391877
-0.396217
-0.523654
-0.471295
-0.279253
-0.696421
-0.626778
-0.340831
-0.41603
-0.738572
-0.473076
-0.578496
-0.499518
-0.519042
-0.230466
-0.768375
-0.458755
-0.372967
-0.47092
-0.687964
-0.580869
-0.589801
-0.530649
-0.345759
-0.409559
-0.185915
-0.280317
-0.514872
-0.343248
-0.431127
-0.189077
-0.11255
-0.197577
-0.824183
-0.744547
-0.354796
-0.231604
-0.303077
-0.428542
-0.498328
-0.561079
-0.476746
-0.274564
-0.343221
-0.670948
-0.557604
-0.349066
-0.412312
-0.342353
-0.3454
-0.465421
0.197498
-0.690198
-0.539088
-0.782896
-0.716409
-0.380283
-0.492758
-0.715822
-0.347248
-0.547399
-0.455122
-0.730643
-0.285161
-0.41464
-0.741818
-0.542898
-0.348658
-0.52428
-0.353347
-0.815876
-0.383661
-0.2002
-0.269657
-0.713178
-0.56881
-0.342567
-0.836576
-0.307056
-0.456613
-0.284124
-0.709073
-0.369967
-0.280599
-0.381479
-0.713309
-0.595832
-0.528856
-0.357241
-0.593338
-0.568908
-0.354291
-0.478133
-0.342295
-0.426256
-0.392988
-0.36361
-0.666398
-0.35286
-0.778126
-0.335636
-0.381234
-0.489172
-0.560189
-0.743454
-0.380426
-0.544684
-0.492345
-0.682732
-0.530234
-0.47338
-0.505218
-0.356338
-0.540844
-0.479966
-0.422025
-0.226893
-0.282822
-0.192813
-0.339968
-0.798327
-0.458149
-0.3977
-0.529851
-0.341845
-0.680223
-0.261039
-0.710387
-0.344803
-0.588908
-0.532906
-0.472175
-0.289374
-0.454653
-0.473732
-0.328288
-0.840514
-0.294658
-0.438978
-0.330938
-0.500446
-0.789698
-0.430885
-0.331099
-0.558505
-0.177639
-0.241694
-0.728675
-0.471197
-0.571631
-0.634136
-0.581613
-0.336059
-0.433767
-0.187
-0.351461
-0.491448
-0.440804
-0.114439
-0.188743
-0.361532
-0.187
-0.823589
-0.746115
-0.448513
-0.346968
-0.288803
-0.71728
-0.627719
-0.56486
-0.36409
-0.436088
-0.718665
-0.563633
-0.725802
-0.64487
-0.419442
-0.348926
-0.207258
-0.337063
-0.474274
-0.413778
-0.189077
-0.698132
-0.177915
-0.687308
-0.407652
-0.48858
-0.777252
-0.455178
-0.307799
-0.741765
-0.35453
-0.422569
-0.672615
-0.516337
-0.343673
-0.49451
-0.356999
-0.31207
-0.194671
-0.123627
-0.195428
-0.836965
-0.342375
-0.428841
-0.489407
-0.521505
-0.434028
-0.479454
-0.413728
-0.300197
-0.174988
-0.551137
-0.245145
-0.475691
-0.737679
-0.61024
-0.445078
-0.348119
-0.327249
-0.49451
-0.436776
-0.484814
-0.304992
-0.163264
-0.838287
-0.49451
-0.385516
-0.323066
-0.47591
-0.332858
-0.421079
-0.29849
-0.605301
-0.542507
-0.477776
-0.686496
-0.599873
-0.545614
-0.371317
-0.68766
-0.565589
-0.392768
-0.343405
-0.762127
-0.83205
-0.474875
-0.343646
-0.42117
-0.770236
-0.351376
-0.455411
-0.500634
-0.581688
-0.522276
-0.508418
-0.702066
-0.3485
-0.754887
-0.352485
-0.205949
-0.690198
-0.517108
-0.460848
-0.0555332
-0.840514
-0.715585
-0.801874
-0.32988
-0.460006
-0.757424
-0.489224
-0.354961
-0.72431
-0.510939
-0.765771
-0.486937
-0.519006
-0.657467
-0.361532
-0.739468
-0.1496
-0.820305
-0.74805
-0.399463
-0.344431
-0.489261
-0.330271
-0.58095
-0.747194
-0.262683
-0.536065
-0.406866
-0.258891
-0.738409
-0.247671
-0.338871
-0.6123
-0.343569
-0.470784
-0.288622
-0.846485
-0.775437
-0.843576
-0.293461
-0.495092
-0.554035
-0.464449
-0.355915
-0.43992
-0.496245
-0.487411
-0.353162
-0.458817
-0.18356
-0.350223
-0.418181
-0.767945
-0.347919
-0.155661
-0.777915
-0.844814
-0.744676
-0.325246
-0.446093
-0.355538
-0.648807
-0.475727
-0.794125
-0.305433
-0.387008
-0.715046
-0.479152
-0.750442
-0.363206
-0.75184
-0.360687
-0.559532
-0.489999
-0.362845
-0.285877
-0.499799
-0.185915
-0.70932
-0.844814
-0.352298
-0.417323
-0.48639
-0.782145
-0.361366
-0.336599
-0.415582
-0.360806
-0.542742
-0.615075
-0.579031
-0.737415
-0.504403
-0.331786
-0.861756
-0.310669
-0.530043
-0.474048
-0.756722
-0.355039
-0.434548
-0.333276
-0.427416
-0.56765
-0.738213
-0.456731
-0.482624
-0.606631
-0.480545
-0.713031
-0.655011
-0.602492
-0.327224
-0.432307
-0.349927
-0.275488
-0.357518
-0.203622
-0.736917
-0.106659
-0.714292
-0.0694378
-0.831448
0.169079
-0.418394
-0.514902
-0.706667
-0.484378
-0.397536
-0.363146
-0.418196
-0.178688
-0.696351
-0.634962
-0.54428
-0.400184
-0.695638
-0.599887
-0.336131
-0.818643
-0.666965
-0.174533
-0.354199
-0.512268
-0.435061
-0.785398
-0.659362
0.064982
-0.418757
-0.517761
-0.739932
-0.790047
-0.36361
-0.410661
-0.471221
-0.603494
-0.254187
-0.567638
-0.381773
-0.461266
-0.0116355
-0.51269
-0.636156
-0.836493
-0.291558
-0.333281
-0.756407
-0.703266
-0.387692
-0.410903
-0.730857
-0.340769
-0.70422
-0.605038
-0.696134
-0.537532
-0.340926
-0.349066
-0.181805
-0.359026
-0.835265
-0.261799
-0.342353
-0.512709
-0.576831
-0.730097
-0.416081
-0.495079
-0.548465
-0.319977
-0.566937
-0.541912
-0.329275
-0.410801
-0.329673
-0.701926
-0.543989
-0.410103
-0.463216
-0.517664
-0.230066
-0.342353
-0.837112
-0.378373
-0.481644
-0.429416
-0.525458
-0.716702
-0.353817
-0.446225
-0.705652
-0.4346
-0.00793332
-0.575959
-0.629628
-0.548003
-0.342502
-0.699598
-0.616424
-0.697454
-0.776672
-0.675071
-0.408478
-0.750247
-0.352557
-0.193925
-0.499164
-0.549265
-0.71286
-0.488884
-0.37202
-0.493909
-0.668552
-0.491047
-0.436332
-0.506315
-0.476337
-0.523599
-0.653705
-0.360334
-0.421548
-0.329623
-0.462248
-0.706065
-0.172295
-0.768497
-0.562384
-0.439714
-0.339834
-0.523978
-0.349066
-0.165806
-0.0754391
-0.800903
-0.533295
-0.443427
-0.375396
-0.444717
-0.786653
-0.314918
-0.415741
-0.331613
-0.413892
-0.500245
-0.698132
-0.616057
-0.562659
-0.725059
-0.542466
-0.707415
-0.476083
-0.389552
-0.225056
-0.536065
-0.839101
-0.764865
-0.406856
-0.475422
-0.550085
-0.758786
-0.388753
-0.53707
-0.721242
-0.541052
-0.532148
-0.347403
-0.419617
-0.180351
-0.82996
-0.364169
-0.465478
-0.746987
-0.319298
-0.404677
-0.733038
-0.400887
-0.702564
-0.643351
-0.710321
-0.58469
-0.49567
-0.330495
-0.424237
-0.223014
-0.303432
-0.453786
-0.342087
-0.686749
-0.609314
-0.817131
-0.353192
-0.443638
-0.495154
-0.635249
-0.344046
-0.427616
0.0134256
-0.70932
-0.568044
-0.504175
-0.497932
-0.595607
-0.565444
-0.404594
-0.420171
-0.354165
-0.717837
-0.235619
-0.567232
-0.465849
-0.373999
-0.0387851
-0.703586
-0.62285
-0.747998
-0.31917
-0.592804
-0.535
-0.600002
-0.710504
-0.450944
-0.315241
-0.449286
-0.37926
-0.576857
-0.503041
-0.523599
-0.613613
-0.571339
-0.398786
-0.704365
-0.544908
-0.174533
-0.50346
-0.419245
-0.349066
-0.795956
-0.711141
-0.347071
-0.45434
-0.529713
-0.736342
-0.509841
-0.276914
-0.360431
-0.441389
-0.717965
-0.571338
-0.357094
-0.174533
-0.275634
-0.63305
-0.576004
-0.346302
-0.409447
-0.203622
-0.264971
-0.33937
-0.192465
-0.507438
-0.177177
-0.769531
-0.17785
-0.250891
-0.361804
-0.465628
-0.377953
-0.176411
-0.265859
-0.401562
-0.348574
-0.463573
-0.687865
-0.538655
-0.364755
-0.805746
-0.206684
-0.339992
-0.486199
-0.319977
-0.263973
-0.162066
-0.10472
-0.743191
-0.238055
-0.299693
-0.351894
-0.51068
-0.660362
-0.418098
-0.133809
-0.713178
-0.507805
-0.447502
-0.353221
-0.492495
-0.33714
-0.686496
-0.322886
-0.450026
-0.16782
-0.805931
-0.518075
-0.458262
-0.747512
-0.214561
-0.344212
-0.723331
-0.455496
-0.362546
-0.570455
-0.74538
-0.838728
-0.606488
-0.689405
-0.541052
-0.602856
-0.533527
-0.33937
-0.830929
-0.348258
-0.492166
-0.570927
-0.727279
-0.356727
-0.462564
-0.708398
-0.547582
-0.50346
-0.643845
-0.560911
-0.357123
-0.739868
-0.530519
-0.369204
-0.759218
-0.155562
-0.84703
-0.25672
-0.348245
-0.314116
-0.514457
-0.757197
-0.485872
-0.517752
-0.626971
-0.539798
-0.698132
-0.574286
-0.3599
-0.715585
-0.562006
-0.349999
-0.447817
-0.19635
-0.727221
-0.611419
-0.8027
-0.32914
-0.42884
-0.489262
-0.538184
-0.724308
-0.409909
-0.390071
-0.344148
-0.453786
-0.577301
-0.49087
-0.159133
-0.71827
-0.573648
-0.437242
-0.465421
-0.315016
-0.852526
-0.162066
-0.838827
-0.266444
-0.388869
-0.485681
-0.754897
-0.391576
-0.488688
-0.734315
-0.466214
-0.748416
-0.465064
-0.363674
-0.294684
-0.725924
-0.502011
-0.448801
-0.740213
-0.327678
-0.753245
-0.820305
-0.701926
-0.529859
-0.349066
-0.459432
-0.540763
-0.372866
-0.698132
-0.819179
-0.357564
-0.471527
-0.560662
-0.730985
-0.490453
-0.408643
-0.35643
-0.511132
-0.410544
-0.710032
-0.536523
-0.441082
-0.165806
-0.36361
-0.438466
-0.284586
-0.361862
-0.592203
-0.523232
-0.340038
-0.403828
-0.535751
-0.804098
-0.714259
-0.698132
-0.760984
-0.368296
-0.462364
-0.361533
-0.693284
-0.533886
-0.470635
-0.686549
-0.613627
-0.557033
-0.191986
-0.337088
-0.199466
-0.342879
-0.399547
-0.50823
-0.443797
-0.519443
-0.683587
-0.799556
-0.289469
-0.357138
-0.529127
-0.623392
-0.571539
-0.479478
-0.350977
-0.287979
-0.429157
-0.537277
-0.712498
-0.630664
-0.577092
-0.519842
-0.690859
-0.573287
-0.497421
-0.352471
-0.328334
-0.458624
-0.194671
-0.662198
-0.368458
-0.741765
-0.807918
-0.364029
-0.457972
-0.713296
-0.502943
-0.427459
-0.31927
-0.485436
-0.358483
-0.750492
-0.417886
-0.568335
-0.627208
-0.556555
-0.374318
-0.43261
-0.356872
-0.694337
-0.239983
-0.296706
-0.317333
-0.239844
-0.178325
-0.791417
-0.332464
-0.508738
-0.618717
-0.719515
-0.772037
-0.401426
-0.365376
-0.529482
-0.476161
-0.710598
-0.652875
-0.711765
-0.563771
-0.330345
-0.361532
-0.454186
-0.353659
-0.695317
-0.870427
-0.766716
-0.676308
-0.3957
-0.776212
-0.496502
-0.363671
-0.287591
-0.344783
-0.698132
-0.524392
-0.666398
-0.605584
-0.375889
-0.360152
-0.434481
-0.34433
-0.695317
-0.513947
-0.446239
-0.356904
-0.49451
-0.164061
-0.769575
-0.340339
-0.477487
-0.546247
-0.622952
-0.74253
-0.568943
-0.504688
-0.427955
-0.297602
-0.388692
-0.48474
-0.512727
-0.715585
-0.345493
-0.698132
-0.553307
-0.459603
-0.343248
-0.430184
-0.311666
-0.268408
-0.79925
-0.516886
-0.614048
-0.671591
-0.483633
-0.434524
-0.372031
-0.735532
-0.399244
-0.455958
-0.358432
-0.723798
-0.597536
-0.47138
-0.332396
-0.735354
-0.44891
-0.693539
-0.528864
-0.537024
0.0349066
-0.715904
-0.498665
-0.336599
-0.703265
-0.166088
-0.2978
-0.514709
-0.390726
-0.621152
-0.721677
-0.489181
-0.425249
-0.529067
-0.364046
-0.70904
-0.536878
-0.454658
-0.708279
-0.601078
-0.336909
-0.501782
-0.707421
-0.844995
-0.339093
-0.49153
-0.420063
-0.529117
-0.642865
-0.452858
-0.342015
-0.490446
-0.426466
-0.301005
-0.702495
-0.534717
-0.358093
-0.58037
-0.345969
-0.403016
-0.825675
-0.325875
-0.257052
-0.317936
-0.408556
-0.467339
-0.532129
-0.477572
-0.16782
-0.707913
-0.650458
-0.435023
-0.483473
-0.663853
-0.385409
-0.407243
-0.330187
-0.703702
-0.585841
-0.501055
-0.712035
-0.595701
-0.545697
-0.287197
-0.479966
-0.369844
-0.152716
-0.527754
-0.155833
-0.0767238
-0.83094
-0.759077
-0.433242
-0.352673
-0.684156
-0.583301
-0.51008
-0.377314
-0.511688
-0.460221
-0.346959
-0.405113
-0.708279
-0.49411
-0.756309
-0.426139
-0.762087
-0.458811
-0.331015
-0.203622
-0.286055
-0.352075
-0.534981
-0.462551
-0.729548
-0.378155
-0.796658
-0.335844
-0.187251
-0.765036
-0.34744
-0.490035
-0.353338
-0.451728
0.33564
0.275887
-0.326993
0.321299
0.222722
-0.524919
-0.351073
-0.682265
-0.526043
-0.470687
-0.303237
-0.497801
-0.372866
-0.712676
-0.763107
-0.469762
-0.82334
-0.721084
-0.399225
-0.464921
-0.730576
-0.351903
-0.517068
-0.178327
-0.358235
-0.565221
-0.454389
-0.346782
-0.189933
-0.278367
-0.872665
-0.722331
-0.825065
-0.327375
-0.501818
-0.280641
-0.720932
-0.779756
-0.388495
-0.195311
-0.277762
-0.710109
-0.59753
-0.523392
-0.704647
-0.593639
-0.538354
-0.402068
-0.488325
-0.327249
-0.538143
-0.597775
-0.672783
-0.551013
-0.838517
-0.336599
-0.446497
-0.422833
-0.515005
-0.723065
-0.531519
-0.691898
-0.53254
-0.705535
-0.772924
-0.503116
-0.775034
-0.366519
-0.299741
-0.241841
-0.398932
-0.468155
-0.745121
-0.370882
-0.807918
-0.357655
-0.442207
-0.581048
-0.760167
-0.390445
-0.296001
-0.453084
-0.291288
-0.444952
-0.713074
-0.632328
-0.567996
-0.699434
-0.614814
-0.72691
-0.487309
-0.365475
-0.434363
-0.698132
-0.555132
-0.494198
-0.336599
-0.502821
-0.351425
-0.517391
-0.191986
-0.30744
-0.627466
-0.856302
-0.777246
-0.283956
-0.727181
-0.472713
-0.359621
-0.393176
-0.654568
-0.491971
-0.619524
-0.567483
-0.361557
-0.424211
-0.33628
-0.68766
-0.507896
-0.573632
-0.483893
-0.700776
-0.531154
-0.721932
-0.544376
-0.840251
-0.722489
-0.429756
-0.741765
-0.277408
-0.726779
-0.353398
-0.453799
-0.513592
-0.436242
-0.349909
-0.281124
-0.416565
-0.706893
-0.585808
-0.524642
-0.469765
-0.661286
-0.569207
-0.307165
-0.495592
-0.375246
-0.305433
-0.739868
-0.844673
-0.349066
-0.73588
-0.435548
-0.325332
-0.223085
-0.386091
-0.638282
-0.580872
-0.388797
-0.47121
-0.354199
-0.594874
-0.724922
-0.55273
-0.721826
-0.544977
-0.730141
-0.533496
-0.383459
-0.533295
-0.349066
-0.426019
-0.727612
-0.621082
-0.524983
-0.698132
-0.592191
-0.693924
-0.633739
-0.360006
-0.781746
-0.339193
-0.544376
-0.37553
-0.294454
-0.347034
-0.695792
-0.51269
-0.456853
-0.447241
-0.431871
-0.366519
-0.432285
-0.346324
-0.420288
-0.54346
-0.720756
-0.539425
-0.479309
-0.686749
-0.590948
-0.70395
-0.623808
-0.54257
-0.660732
-0.355299
-0.829031
-0.717103
-0.556348
-0.613126
-0.557192
-0.665053
-0.617415
-0.523599
-0.461022
-0.559114
0.147682
-0.659041
-0.674332
-0.60345
-0.448166
-0.706127
-0.652477
-0.423009
-0.530871
-0.612712
-0.521867
-0.612683
-0.342353
-0.721932
-0.516377
-0.452761
-0.558722
-0.602614
-0.694147
-0.581232
-0.47453
-0.422907
-0.308165
-0.371668
-0.475623
-0.727221
-0.616683
-0.557353
-0.647433
-0.524577
-0.714526
-0.579132
-0.466597
-0.646125
-0.369204
-0.442038
0.132797
-0.52059
-0.434727
-0.530116
-0.673226
-0.506115
-0.551196
-0.665811
-0.504628
-0.408675
-0.527534
-0.704365
-0.520018
-0.549798
-0.180411
-0.529705
-0.711614
-0.610065
-0.650532
-0.599322
-0.564323
-0.517781
-0.669043
-0.598155
-0.695317
-0.622711
-0.563556
-0.625176
-0.689707
-0.572028
-0.481677
-0.505724
-0.632849
-0.568762
-0.663729
-0.556945
-0.404516
-0.559152
-0.707757
-0.575726
-0.682426
-0.588514
-0.692998
-0.504206
-0.572668
-0.420035
-0.479966
-0.358093
-0.532961
-0.334521
-0.601943
-0.548542
-0.494633
-0.696101
-0.368146
-0.410798
-0.525197
-0.603021
-0.366519
-0.527089
-0.470251
-0.703093
-0.521133
-0.394777
-0.656224
-0.583148
-0.684353
-0.599128
-0.441553
-0.62223
-0.470374
-0.698132
-0.724312
-0.626153
-0.333666
-0.430248
-0.698132
-0.639705
-0.589581
-0.691746
-0.607448
-0.666401
-0.582663
-0.440161
-0.595816
-0.680017
-0.599954
-0.70395
-0.62167
-0.654498
-0.585932
-0.511092
-0.640401
-0.51279
-0.38979
-0.529832
-0.690553
-0.65364
-0.622694
-0.551381
-0.635583
-0.708674
-0.632243
-0.434373
-0.403244
-0.544939
-0.710598
-0.55328
-0.596342
-0.734229
-0.580065
-0.450877
-0.651142
-0.576888
-0.675227
-0.532314
-0.358762
-0.664568
-0.50125
-0.517008
-0.583538
-0.331613
-0.451216
-0.542477
-0.696102
-0.533462
-0.593074
-0.53959
-0.706687
-0.648482
-0.597403
-0.657568
-0.521521
-0.629233
-0.575283
-0.198333
0.174533
-0.507089
-0.590487
-0.523588
-0.349066
-0.277867
-0.203725
-0.253402
0.588722
0.417129
0.180206
-0.514434
-0.583233
-0.523599
-0.39261
0.142898
-0.178688
0.505568
0.353968
-0.660732
-0.547399
-0.649457
-0.161311
-0.213386
-0.682828
-0.20072
-0.705034
-0.192567
-0.670644
-0.213798
-0.667527
-0.606674
-0.215631
-0.571633
-0.692043
-0.520187
-0.191986
-0.300537
-0.536065
-0.698132
-0.589049
-0.45747
-0.691056
-0.534812
-0.606441
-0.504206
-0.56024
-0.257891
-0.593092
-0.341133
-0.447241
-0.539485
-0.304723
-0.589069
-0.260167
-0.213325
-0.236463
-0.685405
-0.632375
-0.29481
-0.349156
-0.57321
-0.69746
-0.618726
-0.387851
-0.491448
-0.32976
-0.583503
-0.50586
0.519006
-0.182466
-0.57814
-0.701054
-0.288685
-0.15431
-0.681971
-0.617317
-0.18589
-0.574256
-0.172132
-0.671749
-0.071106
-0.702098
0.462013
-0.523599
-0.145444
-0.665407
-0.631824
-0.220733
-0.508984
-0.22325
-0.67819
-0.449758
-0.389936
-0.488651
-0.54349
0.416161
-0.46848
-0.632066
-0.163104
-0.656074
-0.18098
-0.682732
-0.629195
-0.569019
-0.190286
-0.687456
-0.619398
-0.596648
-0.650532
-0.0745066
-0.140665
-0.653017
-0.622203
-0.129071
-0.719948
-0.179146
-0.255359
-0.58101
-0.174533
-0.677354
-0.178189
-0.602358
-0.219898
-0.423889
-0.655107
-0.602807
-0.598399
-0.00955303
-0.647204
-0.174533
-0.227422
-0.343817
-0.646898
-0.0771342
-0.691419
-0.244093
-0.680678
-0.183966
-0.619176
-0.386466
-0.29496
-0.593973
-0.106325
-0.68766
-0.184128
-0.546022
-0.222604
-0.573658
-0.195042
-0.666398
-0.696723
-0.343248
-0.175565
-0.283616
0.15514
-0.366519
-0.659734
-0.523599
-0.604867
-0.671185
-0.133399
-0.166867
-0.545909
-0.219984
-0.692083
-0.607619
-0.312007
-0.485355
-0.176259
-0.226995
-0.585906
-0.677993
-0.583189
-0.187174
-0.617785
-0.690226
-0.511963
-0.457044
-0.511132
0.499288
-0.295009
-0.0675661
-0.638791
-0.694337
-0.313133
-0.516429
-0.671013
-0.624849
-0.139986
-0.646173
-0.185005
-0.355875
-0.301044
-0.352587
-0.597104
-0.349066
-0.458149
-0.304418
-0.254319
-0.558417
-0.237135
-0.356999
-0.568993
-0.544144
-0.392464
-0.603724
-0.345272
-0.444109
-0.526861
-0.469253
-0.713178
-0.1694
-0.264298
-0.579049
-0.235138
-0.366131
-0.518188
-0.615837
-0.559888
-0.159989
-0.0903783
-0.172657
-0.290278
-0.583042
-0.702287
-0.645755
-0.219726
-0.679621
-0.354078
-0.636568
-0.723944
-0.361532
-0.515881
-0.15514
-0.361533
-0.670861
0.00872665
-0.700369
-0.1309
-0.6353
-0.225269
-0.174533
-0.286108
-0.631763
-0.170739
-0.67265
-0.18946
-0.174533
-0.689653
-0.692998
-0.319977
-0.161718
-0.173606
-0.235619
-0.674332
-0.1386
-0.686606
-0.571907
-0.653637
-0.177548
-0.0341477
-0.188998
-0.495322
-0.547348
-0.669043
-0.528006
-0.60936
-0.552295
-0.259606
-0.558228
-0.23092
-0.680976
0.446265
-0.695489
-0.341133
0.169265
-0.685375
-0.159133
0.0993041
-0.265431
-0.592056
-0.167327
-0.219551
-0.564856
-0.703702
-0.583066
-0.269201
-0.643964
-0.0182494
0.0475549
-0.686749
-0.698132
-0.178327
-0.660732
-0.181246
-0.0721308
0.0429449
-0.299199
0.187
-0.0193925
-0.696003
-0.164837
-0.321647
-0.644786
-0.335378
-0.165806
-0.666311
-0.0207777
-0.0879074
-0.599957
-0.166276
-0.576984
-0.674719
-0.35286
-0.55996
-0.00716199
-0.639794
-0.34491
-0.558762
-0.19635
-0.696193
-0.221075
-0.682732
-0.19053
-0.682637
-0.168737
-0.314357
-0.196149
-0.627288
-0.209202
-0.674332
-0.0942568
-0.679042
-0.609235
-0.0154
-0.694337
-0.349066
-0.198333
-0.679161
-0.178733
-0.234246
-0.373999
-0.537745
-0.691898
-0.626905
-0.675234
-0.521599
-0.308026
-0.219678
0.0392349
-0.0179981
-0.487666
-0.606954
-0.303841
-0.608201
-0.192978
-0.629645
-0.543832
-0.300341
-0.555052
-0.306915
-0.573896
-0.715585
-0.338594
-0.499413
-0.203622
-0.272987
-0.675507
-0.533576
-0.689104
-0.51269
-0.593591
-0.158666
-0.708108
-0.174442
-0.50346
-0.606909
-0.328719
-0.623511
-0.324695
-0.602829
-0.189303
-0.690555
-0.705404
-0.179126
-0.329546
-0.444574
-0.510736
-0.577841
-0.696223
0.00727221
-0.530312
-0.649524
-0.535168
-0.010472
-0.185063
-0.599537
0.00727221
-0.70395
0.00148431
-0.060048
-0.108539
-0.674153
-0.595663
-0.143529
-0.699562
-0.522763
-0.447982
-0.58227
-0.531717
-0.251835
-0.671281
-0.612619
-0.17503
-0.683434
-0.633214
-0.52801
-0.609876
-0.175885
0.00161604
-0.220954
-0.15786
-0.659611
-0.122874
-0.188652
-0.702586
-0.184781
-0.34678
-0.622784
-0.130561
-0.617697
-0.293585
-0.585706
-0.27578
-0.188776
-0.702892
-0.141343
-0.0917914
-0.134727
-0.641851
-0.692502
-0.349066
-0.195311
-0.532185
-0.619303
-0.692045
-0.110717
-0.182631
-0.687243
-0.184414
-0.614597
-0.000585015
-0.669571
-0.497883
-0.445185
-0.0678739
-0.0877681
-0.659953
-0.0373883
0.0170085
-0.494795
-0.653289
-0.1617
-0.226384
-0.640074
-0.573147
-0.208984
-0.652814
-0.0828632
-0.138373
-0.692314
-0.0109083
-0.699474
-0.496516
-0.292599
-0.68766
-0.618356
-0.69332
-0.635476
-0.276699
-0.707159
-0.582365
-0.22138
-0.325266
-0.511238
-0.225531
-0.591622
-0.173393
-0.354199
-0.560758
-0.193287
-0.618266
-0.0359332
-0.170739
-0.167583
-0.322215
-0.532728
-0.694165
-0.575119
-0.635527
-0.268431
-0.586917
-0.532332
-0.669555
-0.159487
-0.578605
-0.694337
-0.197534
-0.68581
-0.182373
-0.666375
-0.591757
-0.540498
-0.320817
-0.555608
-0.704577
-0.170377
-0.354607
-0.472869
-0.545097
-0.209439
-0.640947
-0.629959
-0.1666
-0.707828
-0.61796
-0.59796
-0.535126
-0.295953
-0.152716
-0.244732
-0.704844
-0.550073
-0.602901
-0.243047
-0.628469
-0.215603
-0.688492
-0.0774689
-0.694546
-0.613757
-0.335644
-0.590889
-0.101811
-0.191155
-0.681719
-0.0827614
-0.661388
-0.624264
-0.681769
-0.616799
-0.151676
-0.00513332
-0.100916
-0.673043
-0.150928
-0.693284
-0.212101
-0.15708
-0.567232
-0.631265
-0.562738
-0.696999
-0.612542
-0.0237999
-0.215257
-0.118957
-0.181341
-0.665718
-0.528227
-0.247642
-0.17639
-0.580094
-0.695305
-0.581967
-0.146222
0.357247
-0.205821
-0.579074
-0.177935
-0.624291
0.308341
-0.1666
-0.265489
-0.685665
-0.142382
0.0484814
-0.331613
-0.675692
-0.555296
-0.625623
-0.583132
-0.620736
-0.184735
-0.240318
-0.280712
-0.597244
-0.677354
-0.600359
-0.336974
-0.185748
-0.328288
-0.445831
-0.54119
-0.355694
-0.529225
-0.328004
-0.54299
-0.346057
-0.606592
-0.519443
-0.322886
-0.535063
-0.218485
-0.709514
-0.386466
-0.532229
-0.610982
-0.680015
-0.211875
-0.176141
-0.338158
-0.512113
-0.291252
-0.220645
-0.664897
-0.0255926
-0.669807
-0.114396
-0.709601
-0.594429
-0.269065
-0.688032
-0.532626
-0.352121
-0.529652
-0.343189
0.346392
-0.325266
-0.857765
-0.249899
-0.343072
-0.660043
-0.523599
-0.665441
-0.699551
-0.301241
-0.580847
-0.64623
-0.149898
-0.629758
-0.193374
-0.673697
-0.230224
-0.675315
-0.588051
-0.595298
-0.516957
-0.362491
-0.544334
-0.0780145
-0.189579
-0.679161
-0.615875
-0.680678
-0.290888
-0.662579
-0.597586
-0.683329
-0.166244
-0.69531
-0.113392
-0.061458
-0.61579
-0.431755
0.0134256
0.154785
0.217456
0.764714
0.263149
0.210677
0.170739
0.256175
0.185005
0.330366
0.467132
0.342649
0.284035
0.230847
0.191772
0.27891
0.184229
0.261662
0.272961
0.0633305
0.190197
0.174533
0.264752
-0.81408
-0.174533
0.0145444
-0.446599
0.313339
0.12165
0.174683
0.142527
0.336599
0.267928
0.194136
0.256085
0.309554
-0.321635
-0.42482
-0.50513
-0.609744
-0.673198
-0.515674
-0.693539
-0.861948
-0.772944
-0.49662
-0.583544
-0.600423
-0.308276
-0.362695
-0.52147
-0.335287
-0.817131
-0.398767
-0.670861
-0.602221
-0.653469
-0.644057
-0.53886
-0.63898
-0.625442
-0.714815
0.188608
-0.539438
-0.340339
-0.429891
-0.416577
-0.717524
-0.804102
-0.729073
-0.572254
-0.433626
-0.553952
-0.673944
-0.578458
-0.693976
-0.541573
-0.766504
-0.492509
-0.677354
-0.618743
-0.557163
-0.326101
0.174533
-0.847093
-0.363468
-0.626467
-0.683493
-0.761348
-0.807745
-0.723824
-0.473369
-0.517889
-0.80202
-0.369755
-0.750492
-0.653335
-0.716781
-0.471829
-0.3935
-0.471921
-0.70194
-0.498366
-0.372866
-0.518014
-0.16315
-0.727221
-0.556944
-0.692314
-0.808669
-0.744647
-0.224957
-0.531134
-0.708899
-0.17866
-0.70895
-0.598287
-0.717569
-0.482842
-0.523599
-0.449135
-0.706065
-0.614174
-0.586052
-0.715585
-0.514643
-0.688567
-0.525416
-0.326616
-0.467723
-0.084056
-0.707071
-0.8516
-0.760316
-0.422013
-0.557103
-0.397985
-0.703545
-0.770841
-0.414314
-0.510602
-0.534469
-0.373999
-0.700556
-0.641856
-0.494062
-0.690508
-0.491442
-0.691144
-0.468574
-0.693627
-0.531055
-0.591481
-0.529832
-0.342833
-0.85042
-0.710598
-0.801067
-0.776312
-0.474668
-0.60011
-0.421554
-0.55575
-0.444921
-0.551245
-0.479958
-0.741765
-0.62168
-0.307975
-0.704789
-0.475261
-0.529583
-0.685008
-0.500507
-0.672163
-0.344473
-0.548532
-0.48325
-0.680678
-0.609282
-0.72722
-0.805852
-0.750244
-0.32883
-0.764893
-0.529153
-0.418201
-0.523429
-0.373999
-0.756309
-0.664432
-0.543239
-0.643729
-0.509462
-0.549859
-0.608643
-0.533423
-0.672883
-0.50726
-0.395331
-0.555421
-0.671572
-0.812514
-0.21587
-0.282477
-0.556547
-0.486555
-0.541915
-0.70255
-0.64646
-0.761537
-0.508459
-0.427331
-0.523599
-0.596216
-0.534854
-0.717524
-0.502945
-0.758547
-0.629959
-0.477741
-0.426452
-0.653187
-0.392699
-0.517781
-0.785398
-0.767255
-0.33625
-0.784088
-0.694981
-0.559537
-0.739401
-0.51617
-0.520108
-0.620622
-0.754339
-0.540139
-0.44937
-0.332905
-0.756876
-0.675518
-0.479254
-0.633509
-0.448552
-0.716878
-0.510954
-0.721446
-0.468816
-0.607032
-0.865512
-0.756721
-0.175012
-0.550691
-0.744167
-0.513174
-0.534825
-0.272708
-0.469057
-0.553267
-0.73273
-0.633934
-0.593516
-0.531871
-0.693007
-0.528193
-0.58899
-0.68766
-0.550571
-0.755353
-0.653251
-0.477331
-0.624819
-0.703106
-0.793744
-0.843852
-0.378944
-0.388732
-0.460132
-0.50346
-0.627277
-0.445456
-0.523756
-0.67283
-0.506318
-0.699256
-0.495814
-0.669043
-0.600287
-0.507438
-0.428432
-0.36361
-0.512171
-0.16994
-0.276015
-0.1904
-0.55045
-0.459454
-0.855211
-0.368037
-0.501451
-0.520509
-0.661632
-0.498957
-0.527946
-0.394327
-0.590857
-0.52123
-0.584045
-0.675167
-0.62835
-0.524335
-0.584838
-0.720191
-0.576846
-0.421699
-0.514979
0.0265594
-0.686496
-0.822798
0.0389875
0.0925791
-0.42322
-0.713242
-0.750194
-0.548973
0.15291
-0.523649
-0.457236
-0.43673
0.162528
-0.35907
-0.511531
-0.589805
-0.756549
-0.506145
-0.615471
-0.182466
-0.698132
-0.859866
-0.173979
-0.236482
-0.476214
-0.716267
-0.419517
-0.353659
-0.39584
-0.558505
-0.697963
-0.619618
-0.400493
-0.53411
-0.778512
-0.532973
-0.757764
-0.5071
-0.669043
-0.516327
-0.34543
-0.353493
-0.707828
0.154395
-0.844739
-0.765445
-0.292591
-0.686436
-0.309523
-0.741619
-0.711241
-0.463892
-0.518256
-0.404919
0.329361
-0.359538
-0.422945
-0.484678
-0.747749
-0.674946
-0.553044
-0.834625
-0.778808
-0.493169
-0.814922
-0.517868
0.248125
-0.556324
-0.486546
0.311666
0.259087
-0.861948
-0.688435
-0.64051
-0.530431
-0.715652
-0.769052
-0.511032
-0.534592
0.227635
-0.419474
-0.504899
-0.679793
-0.528533
-0.681028
-0.504412
-0.421788
0.216813
-0.585781
-0.370882
-0.436332
0.218166
0.279399
-0.841359
-0.496675
-0.564332
-0.397547
-0.569796
-0.453193
-0.49451
-0.597708
-0.659245
-0.599634
-0.512459
-0.623311
-0.499985
-0.624805
-0.829031
-0.737778
-0.349066
-0.511132
-0.598552
-0.64965
-0.181805
-0.863812
-0.762272
-0.703643
-0.63154
-0.697027
-0.487523
-0.434755
-0.553816
-0.472221
-0.545724
-0.692043
-0.602176
-0.754753
-0.737111
-0.527042
-0.358762
-0.459421
-0.403607
-0.45694
-0.856636
-0.66093
-0.333136
-0.668525
-0.765676
-0.320935
-0.527192
-0.724312
-0.544302
-0.471236
-0.759218
-0.642251
-0.497917
-0.662767
-0.62684
-0.712058
-0.497265
-0.349066
-0.536065
-0.542299
-0.645772
-0.854609
0.215962
-0.768933
-0.456211
-0.516558
0.334458
-0.668503
-0.719408
-0.52909
-0.824183
-0.696157
-0.39391
0.289785
-0.727221
-0.60044
-0.789461
-0.580469
-0.691898
-0.847765
0.296004
-0.536065
-0.0387851
-0.647609
0.16315
-0.853249
-0.19049
-0.247942
-0.447741
-0.752135
-0.845198
-0.406632
-0.498002
-0.834267
-0.414877
-0.690198
-0.523977
-0.74981
-0.671085
-0.528399
-0.673377
-0.475415
-0.749231
-0.390403
-0.71827
-0.583716
-0.519834
0.00300919
0.258716
0.40599
-0.514571
-0.727221
-0.815302
-0.742219
-0.477855
-0.370054
-0.474456
-0.697866
-0.765251
-0.695035
-0.488542
-0.504206
-0.690652
-0.113803
-0.574229
-0.534329
-0.760534
-0.563698
-0.755777
-0.492183
-0.436417
-0.693539
-0.807443
-0.296272
-0.671281
-0.585051
-0.66769
-0.723326
-0.511391
-0.698132
-0.510645
-0.51269
-0.611738
-0.444176
-0.52069
-0.618816
-0.562971
-0.757836
-0.368458
-0.445262
-0.684353
-0.572809
0.00969628
-0.491448
-0.86452
-0.750939
-0.680851
-0.520886
-0.709954
0.162589
0.0161605
-0.188644
0.200442
0.328081
-0.463822
0.185005
-0.486982
-0.723401
0.272446
0.340426
0.162763
0.328264
0.332905
0.233957
-0.154394
-0.86669
0.31321
0.266186
0.271549
-0.472693
-0.364112
0.24667
0.366519
0.263794
-0.356999
-0.856042
-0.262341
-0.715585
-0.471776
-0.378389
-0.50878
-0.674332
-0.580263
-0.510401
-0.713304
-0.495681
0.214573
-0.865512
-0.747102
-0.456472
0.0168729
0.172898
0.237454
-0.178688
0.120465
-0.523599
-0.711354
-0.798169
-0.436101
-0.68843
0.242164
-0.369599
-0.427222
0.311666
-0.39621
-0.511699
-0.753665
-0.558505
-0.00608129
0.0758641
-0.853272
-0.713998
-0.841865
-0.697438
-0.41608
-0.571994
-0.609159
-0.555151
-0.503257
-0.760465
-0.63634
-0.428721
-0.700319
-0.626084
-0.785398
-0.70226
-0.428949
0.182058
0.145728
-0.428437
0.194231
0.34491
-0.469577
-0.523599
-0.444191
-0.529832
-0.643648
-0.436606
-0.505418
-0.44185
-0.678361
-0.408972
-0.741308
0.203622
-0.753665
0.160754
-0.327249
-0.178024
-0.336757
0.226893
-0.84683
-0.300314
-0.543529
0.185005
0.258974
-0.500974
-0.42887
-0.678739
-0.572905
-0.667326
-0.524785
-0.710025
-0.504121
-0.451095
-0.33937
0.174533
-0.865952
-0.709621
-0.774223
-0.494875
-0.510079
0.148866
0.0442988
0.0241539
-0.374067
-0.197498
-0.71827
-0.618374
-0.560667
-0.578258
-0.477976
-0.396785
-0.512999
0.181805
-0.523599
-0.436929
0.181246
-0.852302
0.213318
-0.843576
-0.407982
-0.534241
-0.36361
-0.438521
-0.509377
0.212216
-0.615687
-0.549471
-0.381753
-0.530765
-0.562075
0.115556
-0.354199
-0.872665
0.254253
0.262845
0.176795
-0.512216
-0.436501
-0.533295
-0.506419
-0.441552
-0.546954
0.0583182
-0.344533
-0.442742
0.228664
-0.704845
-0.838728
-0.714513
-0.67841
-0.531592
-0.468265
-0.384709
-0.516886
-0.456957
0.182466
-0.536065
-0.474809
0.191986
0.248723
0.0872665
0.230984
0.168148
0.00415554
0.872665
0.710617
-0.1428
-0.080673
0.0314248
0.0863133
0.251533
0.193281
0.265347
0.145444
0.256336
0.319977
0.244012
0.302866
0.219238
0.159989
0.349066
-0.185005
0.332207
-0.478847
-0.472156
-0.339983
-0.295602
-0.12401
-0.182858
0.153755
-0.330694
-0.425604
-0.149245
-0.0889526
0.358762
0.276157
-0.280611
-0.463184
-0.413021
0.312398
-0.372125
0.300337
-0.409389
-0.448799
-0.373533
0.253073
-0.0800477
-0.0317333
0.185992
0.233283
-0.193504
0.333037
0.185292
0.296706
0.37624
0.156988
0.318326
0.278958
0.206528
0.114118
0.281809
0.258404
-0.133824
0.157822
0.281192
0.0523599
0.125411
0.347519
0.00727221
0.328642
0.131828
0.217287
0.29412
0.36361
0.256594
0.499164
0.135794
0.277666
0.120791
0.0554183
0.0935948
0.0671572
0.140032
0.176562
0.0557164
0.174378
0.0546699
0.1078
0.0134256
0.0818962
-0.0174533
0.105341
0.00844515
0.546987
0.229074
0.356999
0.287496
-0.0545415
0.0116746
0.0851615
-0.00671281
0.0506786
-0.207258
0.0249333
0.198274
0.270572
0.0158666
0.180569
-0.0210138
-0.0746568
0.165806
-0.155966
-0.0609446
-0.179126
0.410642
0.34567
0.239997
0.330606
-0.00473539
0.170412
0.0845254
-0.0102666
-0.50982
-0.453212
-0.0152246
0.0964295
-0.00379419
0.193925
0.280072
0.173763
0.00295459
-0.0433677
-0.338517
-0.250067
-0.193233
-0.174513
-0.0739918
-0.171613
-0.0109083
0.0641062
0.511639
0.023599
0.302866
-0.0508604
-0.0957228
0.12035
-0.176935
0.313133
0.220217
0.0764204
-0.1931
0.315562
0.0803367
-0.00676433
0.369204
0.260928
0.101188
0.244403
-0.217047
-0.174533
-0.0636623
-0.172886
-0.266163
-0.0199055
-0.202836
-0.00960323
0.116355
0.0145444
-0.124269
-0.337278
-0.182766
-0.0929459
-0.139155
-0.240353
0
-0.334888
-0.119991
0.0793332
-0.00545415
0.191986
-0.396439
-0.455725
-0.3492
-0.191474
-0.407785
-0.436327
-0.469577
0.1694
0.0799512
0.0314673
-0.145444
-0.0628998
0.380482
0.249333
0.247255
-0.00264443
0.0711098
-0.10691
-0.0984698
-0.40177
-0.0244346
-0.356338
-0.333666
-0.422673
0.33623
-0.405917
-0.0256666
-0.100496
-0.474122
-0.483932
-0.402552
-0.46389
-0.178327
-0.285212
-0.359476
0
-0.471239
-0.424748
-0.507236
0.174533
0.248395
-0.349066
-0.434161
-0.364415
0.341133
-0.441234
-0.49451
-0.381632
-0.0590188
-0.490874
-0.430413
-0.0664722
-0.401349
-0.302425
-0.497648
-0.24201
-0.203622
-0.3181
-0.331825
-0.120688
-0.326301
-0.351194
-0.165505
-0.292401
-0.296247
-0.317139
-0.191986
-0.26529
-0.315821
-0.245365
-0.116355
-0.321347
-0.26644
-0.0254131
-0.233874
-0.303071
-0.208681
-0.193308
0.159989
-0.218166
-0.280499
0.193675
-0.27924
-0.378155
-0.251468
0.317333
0.0832698
0.162773
0.0436332
-0.763022
-0.435122
-0.307338
-0.1683
-0.221172
-0.278517
-0.646798
-0.283023
-0.442113
-0.255087
-0.0413367
-0.191979
-0.242065
-0.0605674
0.838517
-0.326101
0.304425
-0.307523
0.28044
0.361532
0.226107
0.00902756
-0.104742
-0.185609
-0.532626
-0.433965
-0.380258
-0.30068
-0.349066
0.151568
-0.358762
-0.272102
-0.20735
-0.314159
-0.422515
0.349066
0.272485
-0.201442
-0.341436
-0.211177
-0.257916
-0.189425
-0.298328
-0.258692
-0.348512
-0.201198
-0.209439
-0.33743
-0.383589
-0.333199
-0.246623
-0.348433
0.151568
0.248792
-0.327249
0.0128333
-0.342833
0.327386
-0.321795
-0.268918
0.0698132
-0.0923265
-0.151238
-0.407212
-0.361533
-0.247648
-0.175875
-0.552503
-0.501411
-0.0729816
0.0701369
-0.166222
-0.239982
-0.214199
-0.30173
-0.251108
-0.263041
-0.218742
-0.22362
-0.349066
-0.284239
-0.141451
-0.31258
-0.355248
-0.189077
-0.242805
0.167261
0.254197
-0.366519
-0.263147
-0.621132
-0.672088
-0.616357
-0.0679637
-0.303928
-0.239983
-0.473732
-0.381935
0.312705
-0.133441
-0.0108836
0.0582923
-0.0777443
0.331093
-0.346611
-0.527813
0
-0.486199
-0.610865
-0.715423
-0.0471461
0.0556677
0.13926
-0.461124
-0.204689
-0.373679
-0.213425
-0.160461
0.0241436
-0.213856
0.0301742
-0.34722
-0.299001
-0.173023
0.0161656
-0.10717
-0.279369
-0.357594
-0.718909
0.0949479
0.0156138
0.123193
0.249214
0.0296486
-0.104938
-0.0461999
0.186794
-0.0248092
0.0345164
-0.663225
-0.607509
0.155616
0.195066
-0.593403
-0.693539
-0.530937
-0.587768
-0.721846
-0.537443
-0.728806
0.332286
-0.573148
0.14003
-0.557335
-0.68308
0.0175376
0.240284
0.0112217
0.166881
0.0901919
0.197055
-0.0100648
-0.622012
0.0752154
-0.280931
0.134866
-0.254256
-0.54257
-0.194671
0.00387641
-0.217165
-0.0164484
-0.317001
-0.125474
-0.0152876
0.058144
-0.0224368
-0.180979
-0.111953
0.0838394
-0.277993
-0.205058
-0.00826644
-0.197728
-0.223014
-0.29177
0.0875516
-0.21587
-0.00358162
-0.200161
-0.0417324
0.05565
-0.000257564
-0.210294
-0.0680666
-0.151138
-0.0474736
-0.174533
0.0698132
-0.059425
-0.0124652
-0.23393
0.0150516
-0.305433
-0.251081
-0.0322202
-0.0281378
-0.212602
-0.177542
-0.674861
-0.141062
-0.636288
-0.182264
0.123047
-0.247408
0.11389
-0.258019
0.0924121
-0.249565
-0.607703
-0.609358
0.151568
-0.327495
0.144703
-0.328855
-0.396513
-0.294835
-0.409867
-0.316222
0.158647
-0.250651
0.0890675
0.151303
-0.687407
0.201092
0.107309
0.0862794
0.156775
0.241783
0.306492
0.209439
0.195193
0.242334
0.149059
0.0451597
0.273419
0.357467
0.22496
-0.324133
-0.036102
0.0815925
0.196618
0.313513
0.236932
-0.189933
-0.00881744
0.226893
-0.15708
0.340755
-0.233105
0.225328
0.356338
0.28893
0.172621
0.310003
0.349066
0.269047
0.219245
0.086168
0.345834
0.253651
-0.459958
0.0435945
0.351559
0.200713
0.287315
0.516327
0.389063
0.322988
0.164136
0.269872
0.388732
0.331613
0.227516
-0.149198
-0.097288
-0.376308
-0.872665
-0.811698
-0.613182
-0.394138
0.174533
-0.523599
-0.324631
0
-0.184229
-0.525628
-0.46915
-0.293843
-0.0207777
0.0738311
-0.517365
-0.349066
-0.548885
-0.726212
0.174533
0.115992
-0.331613
0.298543
0.276037
0.178688
0.272603
0.336599
0.313133
0.295015
-0.696003
-0.258427
-0.138172
-0.0628515
-0.581776
0.694165
-0.475472
-0.237905
0.0360005
0.872665
-0.343698
-0.619592
-0.291547
-0.0759045
-0.683587
-0.100947
-0.178091
0.115156
0.423688
0.530416
0.121288
0.336806
0.209706
-0.330555
0.171889
0.0808023
0.337683
0.164061
-0.159989
0.19635
0.319977
0.00513333
0.18979
0.341133
0.118567
0.191423
0.245017
0.19635
0.252737
0.182466
0.245685
0.300584
0.21587
0.274863
0.160754
0.2204
0.193233
0.254209
0.41197
0.203622
0.309139
0.210894
0.289362
0.245769
0.218959
0.340038
0.301796
0.358762
0.30351
0.333666
0.197498
0.278791
0.197974
0.187
0.343612
0.275018
0.314918
0.18326
0.2057
0.268542
0.309555
0.344321
0.279408
0.213909
0.167733
0.319977
0.255706
-0.352075
-0.172591
0.310281
0.223874
0.275186
0.338594
0.405207
0.332905
0.27453
0.366519
0.00902756
0.0613825
-0.0171113
0.0387851
0.334671
0.289113
0.201092
0.27817
0.471239
0.331234
0.274915
0.34491
0.218166
0.309399
0.19635
0.261116
0.209439
0.342228
0.230208
0.164837
0.268829
0.335844
0.275592
0.279229
0.321874
0.2672
0.16782
0.33937
0.273027
-0.341586
0.238121
0.322215
0.264076
0.315163
0.295697
0.19635
0.273537
0.194763
0.343933
0.275572
0.191986
0.331613
0.260429
0.191986
0.282471
0.181805
0.28903
0.331613
0.252613
0.334521
0.295888
0.238051
0.171083
0.26192
0.262353
0.309399
0.262103
0.159487
0.242948
0.229074
0.155833
0.220199
0.33937
0.285495
0.225311
0.311666
0.234077
0.316915
0.294442
0.180351
0.08843
0.164736
0.306051
0.335803
0.229438
0.279689
0.358762
-0.177348
0.294258
0.0124666
0.491449
0.164173
0.341133
0.203622
-0.189683
0.31247
0
0.184229
0.134536
-0.249333
0.0514773
0.1122
-0.0414008
-0.0945559
-0.360448
-0.0344527
-0.0802672
-0.00815719
-0.451411
0.0925783
-0.463477
-0.114361
-0.176523
-0.0720065
-0.251596
-0.568737
-0.00513332
-0.694254
-0.111253
-0.117358
-0.693915
-0.00566205
-0.317333
-0.703265
-0.802082
-0.0174533
-0.869117
-0.0461986
-0.101923
-0.613192
0.0654957
-0.718554
0.00598543
-0.720456
0.0232711
-0.719638
-0.0387851
-0.725141
-0.255052
-0.721403
-0.0863043
-0.701141
0.00566665
-0.694447
-0.762346
0.00606289
-0.837444
-0.787151
-0.0194522
-0.772965
-0.000846404
-0.792288
-0.00699811
0.0621009
-0.0435412
-0.775504
0.0973798
-0.509765
0.0151768
-0.612361
-0.283042
-0.670865
-0.173415
-0.69288
0.00473527
-0.730857
0.0177456
-0.330095
-0.245243
-0.659734
-0.188717
-0.872665
-0.106152
-0.872665
-0.169357
-0.252279
0.337878
-0.363097
-0.461266
-0.406524
0.15429
-0.362945
-0.47184
-0.540178
0.116216
-0.610865
0.175111
-0.531235
0.163043
-0.450146
0.167697
-0.482262
0.151398
-0.412123
0.348056
-0.429584
0.354411
-0.526983
0.337299
-0.385448
0.338423
-0.377628
0.340538
-0.36351
-0.470143
0.379198
0.613192
-0.60447
0.329491
-0.420995
-0.484607
0.172255
-0.710968
-0.626703
-0.695915
-0.783633
0.411399
0.322886
-0.872665
0.340765
-0.710134
0.359748
-0.709976
0.324585
0.4319
0.309946
-0.153755
0.177765
0.378155
0.435751
0.371064
-0.548251
0.243444
0.19203
-0.520028
-0.295727
-0.872665
0.490035
-0.00760229
0.198968
-0.511132
0.229944
-0.334521
0.171301
0.133892
0.00752463
-0.377228
0.211418
-0.371731
0.196162
-0.170377
0.0174533
-0.160115
-0.102682
0.0793356
-0.115451
0.0818346
-0.158666
-0.534507
-0.433506
0.359333
0.472693
0.181536
0.256485
0.178053
0.69086
-0.872665
0.206684
0.872665
-0.872665
0.356738
0.872665
0.118867
-0.526608
-0.608848
-0.213318
-0.29569
-0.872665
0.872665
0.358577
0.174533
0.0300782
-0.0265419
0.356519
0.497676
0.322759
0.501263
0.383129
-0.172975
0
-0.187959
-0.343933
-0.293042
-0.185915
-0.32673
-0.0991875
-0.18584
-0.872665
-0.189752
-0.355564
-0.422351
-0.142704
-0.264293
-0.0379107
-0.104983
-0.324133
-0.253894
-0.16649
-0.375917
-0.281458
0
-0.354884
-0.164352
-0.385358
0.165885
0.0341332
0.169714
0.0217669
-0.0907366
0.158372
-0.0373999
-0.145444
0.334521
-0.36361
0.166088
0.083967
-0.137516
0.0129819
0.251174
0.190668
-0.511436
0.110756
0.686248
0.714494
-0.138284
-0.872665
-0.199466
0.872665
0.270924
0.155148
0.872665
0.872665
0.610865
0.466482
0.696003
0.680678
-0.473099
0.595057
0.645772
0.462585
0.526846
0.144817
-0.0505227
-0.347535
0.276182
0.294981
0.184227
0.00084315
0.0572999
0.172972
0.27178
0.536852
0.473163
0.45341
0.520954
-0.49451
0.517555
-0.604454
0.533295
-0.506498
0.379929
0.507438
0.337907
0.872665
-0.320971
0.872665
-0.405827
0.872665
0.52894
0.541971
0.347355
0.443883
-0.734656
0.527352
-0.591723
0.56113
0.0186878
0.843576
0.758106
0.693838
0.594091
-0.532325
-0.408773
-0.546807
0.702239
0.173717
0.601679
-0.170377
-0.342356
0.313003
0.570523
0.833545
0.114228
0.0158666
-0.872665
0.305433
0.686496
-0.0979497
-0.170438
-0.3618
-0.438074
0.569799
-0.00557003
0.331613
-0.702725
-0.547306
0.547012
0.601778
0.405676
0.419151
0.363413
0.384999
0.0207777
-0.100365
-0.153875
-0.254941
-0.348061
0.598399
0.723246
-0.255349
-0.166569
0.333199
0.179433
0.703586
0.527029
0.872665
0.543737
0.489289
0.56605
0.35171
0.479595
-0.250164
-0.311463
0.349066
0.507732
0.43517
0.382997
0.456462
0.411399
0.353221
0.431163
0.539961
0.484814
0.523599
0.344703
0.40122
0.361532
-0.517781
-0.347307
0.490038
0.413312
0.3735
0.266084
0.378791
0.468066
0.413878
0.262371
0.204586
0.37892
0.479966
0.41088
0.349066
0.433412
0.363885
-0.49451
-0.448768
0.548934
-0.531815
0.142382
0.0415188
-0.480365
0.0210643
-0.0576413
-0.102823
-0.520954
-0.415713
-0.525507
0.154572
-0.578831
0.865952
-0.340038
-0.195311
0.872665
-0.267803
0.86869
-0.330366
-0.872665
-0.688706
-0.210796
0.359135
0.288663
-0.327249
0.352332
-0.31899
-0.814889
0.452199
0.503057
0.383248
0.482808
0.371356
-0.358095
0.470446
-0.358477
0.462468
-0.364812
0.435982
-0.380079
0.490718
-0.872665
-0.462995
0.160238
0.0743123
0.383251
-0.855211
-0.35249
0.371015
-0.332823
0.363326
-0.335082
0.372426
-0.333091
0.372267
-0.320875
0.384259
-0.382707
0.00959105
0.149287
0.182216
0.108686
0.523599
-0.115401
-0.177537
-0.159423
0.505166
0.361792
0.193504
-0.360947
0.460564
-0.570963
0.195311
